chromosome_index	position	alt_count	ref_count
1	5052708	4	28
1	6100663	5	23
1	9341032	21	27
1	9341034	21	26
1	10336327	3	32
1	13972632	3	37
1	20000755	4	33
1	20258285	4	26
1	22130293	4	19
1	25987484	5	34
1	35558126	3	25
1	38369049	6	31
1	41379592	19	17
1	43810624	4	29
1	46551937	11	26
1	47044824	9	37
1	47978890	9	24
1	50918883	13	31
1	60726392	7	25
1	62244387	10	16
1	66611445	4	34
1	66983162	4	24
1	69868368	7	23
1	74699361	20	18
1	74963773	3	28
1	78848419	4	31
1	79008355	3	36
1	80798935	7	20
1	82769943	7	35
1	90517093	10	23
1	93654595	7	31
1	98654625	15	16
1	101821554	7	28
1	102043837	3	29
1	102520965	4	26
1	110422915	14	13
1	110700513	4	27
1	111025162	5	26
1	112142119	8	21
1	112649905	5	27
1	113363019	7	28
1	115920808	9	16
1	117401220	17	29
1	143418880	5	66
1	145709229	12	21
1	146919746	4	15
1	152645284	7	33
1	159472966	4	30
1	160915124	9	35
1	162604683	11	14
1	170620584	20	17
1	171494025	5	26
1	172122471	9	24
1	172847249	14	17
1	175067333	4	27
1	177836267	3	28
1	178550078	9	23
1	187851201	22	13
1	189342129	4	39
1	189658913	6	13
1	194146863	3	22
1	195250491	12	16
1	196588665	16	16
1	200105991	12	16
1	201795870	9	30
1	203388071	3	23
1	207761678	15	18
1	212376479	4	29
1	213506018	21	27
1	218296280	4	29
1	218926252	14	21
1	222621532	6	21
1	224718142	5	25
1	230625784	7	17
1	232259683	4	31
1	234339465	9	10
1	242917927	5	24
1	245257261	13	28
1	248236892	10	13
10	3488451	16	28
10	5167344	8	21
10	5594720	10	26
10	8602795	18	29
10	8693754	9	36
10	8845715	9	37
10	9756750	22	16
10	12302399	4	24
10	14787357	3	32
10	16877752	4	28
10	19204639	3	28
10	20276252	11	25
10	21988116	4	32
10	22553698	5	29
10	22884614	7	32
10	24700525	9	20
10	31665589	6	33
10	33045775	13	19
10	38446372	8	27
10	38539918	4	29
10	42472898	13	29
10	50770065	3	37
10	52338558	3	28
10	54439490	7	7
10	55234377	3	35
10	55979768	6	27
10	59755720	3	23
10	62393671	5	25
10	63334966	3	37
10	64686777	3	31
10	65005958	3	40
10	65818991	12	25
10	66062291	4	25
10	70391458	7	33
10	71014831	8	31
10	74569435	4	28
10	78792896	5	25
10	83285135	5	42
10	85228192	7	33
10	87039313	5	25
10	88785928	10	27
10	90242707	4	29
10	91124033	4	29
10	91728040	19	15
10	92262143	6	30
10	96671407	-1	0
10	106132138	3	29
10	106915901	13	16
10	108138223	3	33
10	108285980	17	18
10	109191333	24	15
10	110596433	5	25
10	113846372	4	39
10	120287662	16	27
10	122337707	3	28
10	122611819	3	32
10	122862620	6	27
10	125480864	4	32
10	130537349	6	25
10	134689554	7	26
11	1621214	4	32
11	7758349	-1	0
11	10320443	4	24
11	15399275	9	22
11	20016007	9	23
11	21884951	12	40
11	22639435	3	26
11	26327810	18	16
11	28695117	6	25
11	29226486	7	31
11	29498738	5	31
11	32784137	10	28
11	33141984	4	28
11	38744008	7	23
11	39737372	14	28
11	42225465	12	25
11	51316676	4	30
11	54803350	7	21
11	54855223	7	32
11	54963912	7	16
11	55502562	5	34
11	57245776	13	27
11	57509833	13	16
11	60272236	6	20
11	61638876	9	24
11	65019302	7	21
11	66079262	6	29
11	72006129	5	26
11	80898191	5	30
11	82535463	3	20
11	89209687	3	26
11	89978561	3	22
11	91892143	4	13
11	92950774	3	24
11	94204648	6	40
11	96888501	16	21
11	97699206	3	27
11	100119215	6	30
11	101753587	9	30
11	102889266	4	21
11	108259179	4	30
11	108285924	7	34
11	112909905	4	32
11	114768634	9	22
11	117415620	17	19
11	117631103	4	37
11	117781385	11	27
11	119927842	3	31
11	120975156	10	39
11	121292520	14	11
11	124593964	9	27
11	126377547	8	30
11	127071186	8	21
12	4218579	12	12
12	5726457	10	49
12	5830332	5	31
12	7351656	6	10
12	9938354	8	30
12	13163956	5	44
12	13948921	6	32
12	17535996	13	28
12	18208086	6	17
12	19353863	6	21
12	20678659	5	39
12	22240408	15	20
12	23640851	3	21
12	31255438	12	24
12	34665226	15	33
12	38472088	13	13
12	38951387	5	20
12	39344142	3	32
12	46529625	5	25
12	52598724	5	23
12	54885819	4	22
12	60216775	3	23
12	60950995	3	24
12	64597379	4	26
12	65738871	4	22
12	65967078	8	11
12	66375967	3	23
12	68640805	7	21
12	71331045	3	24
12	73469303	8	32
12	77787302	3	23
12	78036943	3	22
12	82038050	4	19
12	84664978	7	42
12	93548478	8	44
12	96182620	12	18
12	97185795	6	19
12	97532006	4	36
12	98509796	6	35
12	99218395	4	29
12	104059097	14	15
12	104582266	6	20
12	109277719	5	29
12	118178230	3	14
12	130822743	3	15
12	132170436	4	43
12	132997814	4	37
12	133003800	4	15
13	23667474	4	24
13	24382595	8	29
13	25570430	3	27
13	26715721	11	14
13	29995833	14	23
13	33246297	7	28
13	34939555	5	28
13	38392293	6	24
13	42950741	10	42
13	43113133	5	32
13	48184470	3	14
13	48396106	12	16
13	49167342	12	31
13	49545719	7	39
13	56806977	4	26
13	65742721	6	26
13	65955862	6	20
13	75431113	16	18
13	80144715	11	18
13	82692666	20	16
13	84255387	4	28
13	84808866	4	31
13	87963124	8	19
13	88610327	15	11
13	88778426	4	39
13	89673242	5	25
13	90678594	4	29
13	93446080	3	34
13	94688146	4	24
13	95746283	21	16
13	96203511	10	26
13	96588255	6	36
13	100627912	4	22
13	104012649	10	11
13	106670769	5	25
13	112854091	3	24
14	20329485	5	48
14	21739877	7	24
14	23585175	5	26
14	24378080	4	30
14	28120170	5	27
14	29067651	11	27
14	34231263	3	19
14	34258619	6	23
14	35735693	11	19
14	36927447	6	40
14	39027942	4	35
14	40521137	4	35
14	45813069	16	16
14	45976922	4	30
14	48145954	4	32
14	50092091	9	12
14	50658832	4	20
14	53125103	4	23
14	53635545	9	21
14	55237370	7	26
14	55247865	5	29
14	58663816	12	16
14	64225355	3	20
14	65688790	4	30
14	65760776	3	31
14	69148077	19	25
14	70276014	7	32
14	70431016	6	13
14	70943831	4	29
14	75765450	5	28
14	76702536	5	30
14	81216692	11	15
14	81513597	4	20
14	82215026	3	30
14	83301196	11	34
14	85095511	3	27
14	86234608	13	26
14	91563968	4	16
14	95512494	4	14
15	21970216	11	137
15	23468461	21	98
15	24437642	4	25
15	24890642	3	32
15	25012008	5	20
15	25686367	10	28
15	33799989	15	21
15	40912745	6	37
15	46630834	5	24
15	53712360	3	24
15	57425405	6	19
15	64376091	16	23
15	64829517	30	38
15	64829526	24	35
15	65753783	4	29
15	66487181	7	36
15	74206350	10	27
15	74685095	5	23
15	75297956	20	14
15	85569192	3	34
15	89925293	4	24
15	89925641	7	24
15	92257677	4	26
15	94828387	11	25
15	94946007	6	27
15	97002509	3	18
15	98055157	20	19
15	98371665	10	23
15	98919607	3	28
15	99884707	8	26
15	101946456	7	23
15	102326550	9	27
16	1225791	7	18
16	3795533	4	21
16	6472034	8	29
16	7308345	7	20
16	10681088	4	27
16	13138324	9	27
16	19060638	4	20
16	23365166	11	18
16	31166849	3	35
16	31711179	5	21
16	34373907	5	22
16	48924924	18	13
16	50018444	4	44
16	55685456	3	23
16	59481999	4	25
16	72317144	6	32
16	73299117	4	28
16	74102416	7	18
16	74384907	4	19
16	74384910	4	19
16	74507913	5	29
16	80912463	13	12
16	85215098	5	24
16	89425471	3	36
17	8521946	3	27
17	8736122	5	18
17	13528602	11	37
17	14209228	3	25
17	15256193	5	26
17	19705298	4	25
17	20686002	4	28
17	21255950	3	23
17	26591332	10	23
17	30496384	3	33
17	31267033	4	34
17	32476517	5	33
17	34989035	6	25
17	41074865	10	22
17	41745367	3	28
17	46964453	15	19
17	48809660	4	30
17	56622037	3	27
17	56701578	11	15
17	59970178	5	18
17	61294169	5	13
17	65626923	15	16
17	67922465	9	34
17	72223886	21	25
17	76865630	5	24
18	2454349	11	19
18	5992902	6	16
18	6053924	11	28
18	6594718	6	36
18	6638527	6	35
18	6969537	3	21
18	7026084	9	22
18	10778610	4	32
18	18513640	6	44
18	19630870	14	25
18	20656622	10	37
18	22252485	7	31
18	22842816	5	31
18	24923737	6	31
18	27130043	5	26
18	30503039	6	42
18	30964993	4	28
18	35023445	4	46
18	36879321	6	26
18	37532141	3	31
18	37756937	3	26
18	40445883	3	27
18	46543144	4	26
18	47908157	5	16
18	48126701	5	24
18	49258616	7	22
18	50739213	4	24
18	53260100	5	30
18	53931609	4	29
18	58619451	5	16
18	66975661	15	17
18	67357517	3	20
18	70081888	6	21
18	70621307	5	31
18	72837938	5	21
18	76401375	5	45
19	9579487	4	35
19	10028424	8	15
19	12405387	6	11
19	16395955	7	26
19	24145437	3	28
19	28836597	4	40
19	29053297	11	19
19	29275357	9	23
19	31085958	17	16
19	42697147	3	20
19	48012946	6	29
19	49783410	18	13
19	51119340	10	15
19	51373749	18	13
19	54357274	7	23
19	54629320	16	28
19	55592473	4	29
2	8300088	4	34
2	11712100	15	20
2	13251639	5	29
2	14483803	8	17
2	18065382	6	10
2	18192403	3	36
2	19989993	6	37
2	40243192	3	37
2	40310167	5	31
2	46444276	3	36
2	49066919	4	21
2	49636599	20	17
2	50978486	5	34
2	54044695	4	41
2	55921229	4	21
2	57518985	11	27
2	59916120	11	24
2	59924233	7	24
2	63147513	8	29
2	68460804	3	23
2	72061456	5	25
2	74503945	5	25
2	75415289	3	28
2	75997758	6	23
2	76276661	5	35
2	77561879	25	15
2	77634922	5	22
2	78043962	18	25
2	80962795	8	20
2	81158232	5	29
2	82688002	10	25
2	85871104	5	19
2	88806504	13	24
2	97061007	7	31
2	104471253	5	31
2	105129541	4	31
2	106546957	3	34
2	113776090	4	34
2	116939259	5	37
2	118961869	5	26
2	121700506	5	24
2	121874622	6	37
2	126331934	9	22
2	131058461	5	30
2	132424102	9	32
2	134048966	6	33
2	137415330	11	32
2	139778799	3	30
2	140314608	4	30
2	144250493	8	23
2	147096472	4	24
2	151025588	10	19
2	151281839	4	31
2	151309359	4	22
2	151377070	6	39
2	151951571	6	24
2	156715704	5	34
2	162896436	6	24
2	166137205	3	28
2	172524812	5	26
2	174473113	7	22
2	177777739	15	19
2	184586835	4	30
2	186655124	15	23
2	186681949	5	31
2	189282192	3	21
2	189528413	7	32
2	193289257	4	38
2	193915285	7	31
2	195532391	3	36
2	202551058	6	31
2	204393198	5	26
2	204909143	8	27
2	211973740	3	29
2	212014719	3	30
2	219227679	8	25
2	221514238	6	27
2	222659425	6	30
2	226307891	8	19
2	227017859	3	20
2	230301382	6	35
2	241284919	3	25
20	5245151	5	22
20	11958199	3	33
20	17340922	17	13
20	18183701	6	21
20	20420767	5	40
20	20554198	9	33
20	20732546	8	20
20	22557098	4	32
20	31841499	3	30
20	38897276	4	33
20	39298694	3	32
20	41447144	4	25
20	48789805	11	12
20	53581803	10	27
20	53592795	22	24
20	56305547	10	27
20	60873241	10	21
21	9411365	5	38
21	15307886	6	17
21	15319352	7	32
21	15944426	4	35
21	20464536	10	28
21	21598779	3	33
21	23536451	9	27
21	26206948	14	22
21	28605320	7	17
21	29730551	4	34
21	36205213	7	30
21	37041368	5	27
21	40166941	15	15
21	44977254	9	48
21	46803694	4	19
21	47696552	3	31
22	18128065	5	17
22	20916334	6	29
22	25036528	4	48
22	25941633	3	25
22	28606115	10	30
22	32304844	3	20
22	32841457	21	15
22	34499837	8	13
22	36252931	4	22
22	37296894	5	40
22	48007324	3	13
22	48088879	13	22
22	48472337	4	46
22	48993805	12	19
3	1306982	4	19
3	8640950	3	28
3	12458305	7	31
3	14027624	14	18
3	14756745	12	25
3	17871292	6	18
3	19399325	3	21
3	27732802	4	29
3	33222029	4	19
3	35698417	14	12
3	35798035	4	19
3	39277771	4	38
3	45158330	10	18
3	55376141	4	28
3	55420388	4	30
3	68472628	6	22
3	68472970	8	19
3	68782378	5	29
3	70681272	5	30
3	71702664	6	21
3	73573215	5	34
3	74154263	5	19
3	74347920	10	15
3	75867131	4	27
3	78477445	8	24
3	83154495	4	23
3	83287171	4	32
3	84192561	10	18
3	86496117	18	17
3	87355804	12	32
3	87999019	9	23
3	89682683	9	18
3	90495607	4	38
3	94146911	7	22
3	94852994	4	26
3	95397991	23	17
3	95837109	3	27
3	98526897	48	344
3	101140810	3	28
3	102027891	3	26
3	103330574	5	30
3	103744826	6	27
3	104956171	8	27
3	108794192	4	25
3	109109641	15	29
3	114869479	10	16
3	117372541	9	20
3	117750465	8	25
3	123396546	9	21
3	126184353	10	16
3	126879548	8	24
3	128758293	10	32
3	131761567	5	44
3	131841262	3	31
3	132298183	5	29
3	133657766	6	34
3	133779837	6	23
3	147828857	5	41
3	149762379	3	31
3	149841971	7	35
3	149844162	1	26
3	150588409	-1	0
3	150588410	-1	0
3	153511077	10	24
3	155988734	11	22
3	157731569	8	29
3	161155881	6	26
3	161426301	10	30
3	161770742	4	37
3	161868307	4	32
3	162041336	12	23
3	164134908	6	30
3	165104495	6	30
3	167331625	3	34
3	167653945	4	32
3	176012982	22	17
3	182245237	7	28
3	185171090	17	17
3	187957464	4	33
3	190561189	5	36
3	190754657	7	46
3	197382721	8	42
4	164292	4	25
4	2963170	5	11
4	5296316	4	46
4	7643686	4	17
4	12494387	7	38
4	12891706	5	23
4	14990325	3	37
4	20895411	3	37
4	29171562	6	25
4	31915602	7	16
4	31978100	4	23
4	34868582	3	25
4	35132691	3	28
4	37979541	7	20
4	39748965	7	34
4	40477476	5	31
4	42906815	4	35
4	47005410	5	31
4	47125242	4	20
4	49021700	9	23
4	53055699	4	24
4	61287099	5	24
4	61802726	7	23
4	64588802	4	21
4	66474066	5	31
4	67375189	3	19
4	70810946	6	25
4	71066428	3	23
4	72313892	9	24
4	74251770	7	31
4	76214908	6	27
4	78424222	5	33
4	79118866	11	23
4	87177846	3	22
4	91695942	4	19
4	94311047	8	26
4	96079033	4	24
4	96869142	11	20
4	99969582	3	26
4	100769263	8	18
4	102519627	18	17
4	107748302	4	27
4	109368767	10	34
4	109843511	6	28
4	115140402	1	14
4	115291504	3	22
4	115605006	3	25
4	116511734	13	23
4	120701392	5	23
4	123489408	4	22
4	125889615	6	25
4	128478230	3	19
4	131514783	4	24
4	131638718	7	29
4	132044563	6	28
4	133480562	3	34
4	134547856	8	21
4	134602214	12	24
4	134612555	6	17
4	139551184	16	23
4	139551189	16	24
4	145551947	5	35
4	145648302	4	40
4	147897040	4	36
4	149159567	7	25
4	151157247	4	38
4	155693152	4	30
4	155884932	6	24
4	156344381	4	30
4	156479459	4	25
4	158206284	10	22
4	158803498	3	22
4	158952887	4	23
4	159595938	4	39
4	160840082	16	10
4	161704506	2	33
4	161704507	2	33
4	164306303	6	20
4	164440036	3	32
4	165610292	12	15
4	165896521	5	25
4	167304157	8	24
4	169356651	9	25
4	171005020	9	20
4	178779414	4	37
4	182818564	9	31
4	184316880	5	32
4	185517957	9	23
4	189390594	2	15
4	190170560	8	25
5	1368659	11	17
5	4211161	3	37
5	4358052	8	26
5	11636648	4	37
5	12543528	6	30
5	22777032	18	23
5	22878238	4	22
5	23590211	5	25
5	25000500	7	29
5	25710075	8	14
5	26295018	13	15
5	27528277	3	31
5	29022031	8	34
5	29539627	6	24
5	37581716	14	15
5	42348337	4	30
5	43414881	3	36
5	44074134	4	25
5	50041531	8	39
5	56153455	8	31
5	61039056	4	22
5	63339111	4	35
5	63882937	4	36
5	65273902	4	27
5	66928041	8	27
5	67030814	16	33
5	74852401	4	32
5	81488595	6	30
5	83645696	3	31
5	87317875	4	27
5	88687994	5	36
5	90546461	4	26
5	91501427	3	34
5	94356632	4	21
5	97517373	7	26
5	102727641	4	35
5	103377693	5	31
5	104691201	4	22
5	107533700	7	38
5	107985844	10	32
5	109619144	6	35
5	113649263	14	26
5	114338067	4	43
5	121048296	3	23
5	131353207	3	21
5	131863601	20	28
5	132794741	7	15
5	133304465	4	27
5	133834646	4	33
5	134526242	5	28
5	138410802	11	28
5	141646940	5	24
5	148058359	3	34
5	154047626	3	28
5	161422239	13	22
5	171762378	6	30
5	172318161	5	33
5	172386141	7	35
5	179940572	12	7
6	1837950	8	31
6	4889152	4	32
6	6266741	3	26
6	6357257	10	24
6	7072569	8	32
6	7095043	9	24
6	7459465	10	26
6	9039655	3	19
6	15231914	6	28
6	17635409	12	9
6	19238919	9	27
6	19533188	9	27
6	19956528	5	22
6	22468756	14	17
6	27166829	7	19
6	31255466	6	36
6	33238541	8	15
6	35216293	4	41
6	36378166	3	17
6	38389540	5	27
6	38904395	6	22
6	43738136	7	33
6	47339616	7	21
6	48012224	4	34
6	49955221	3	25
6	50689485	9	21
6	53913427	5	25
6	54813163	8	29
6	63990790	12	38
6	63990897	5	25
6	64120734	5	23
6	65438031	4	38
6	68821726	7	21
6	72593015	14	19
6	72867420	14	19
6	73736640	3	19
6	75409979	6	36
6	77495068	7	24
6	82176786	5	39
6	84808799	22	21
6	85312070	4	34
6	85380401	4	22
6	85488784	3	19
6	85494574	7	27
6	88738835	6	29
6	89908947	3	31
6	90407289	3	26
6	92313059	12	21
6	93867921	9	21
6	94010852	8	21
6	95515679	5	26
6	96918248	5	29
6	99212219	4	37
6	113275159	5	27
6	117002551	16	17
6	117017961	5	35
6	118987276	18	14
6	121711281	6	32
6	122160860	12	15
6	122206433	4	36
6	122883105	3	26
6	124765930	5	20
6	125292671	14	29
6	129093497	6	25
6	136391961	3	35
6	147102458	5	22
6	148260475	6	39
6	150527763	6	23
6	150530263	3	28
6	160217608	5	33
6	164771980	7	19
6	165270358	12	12
6	170445974	5	17
7	311278	5	39
7	913021	6	24
7	2007841	19	17
7	6755788	4	36
7	12714583	5	24
7	14576693	4	37
7	17468732	5	19
7	20831926	5	42
7	22857559	6	22
7	25931160	3	24
7	29125497	10	25
7	31153176	5	30
7	32307472	7	27
7	33548244	8	31
7	34668553	8	21
7	41342139	6	24
7	42295614	7	22
7	42604256	2	39
7	42812952	6	29
7	47751418	3	23
7	48119313	7	37
7	48703303	9	29
7	48907410	4	25
7	48931514	5	36
7	52089646	-1	0
7	54421827	6	39
7	54544892	3	32
7	63154860	3	23
7	63655868	12	34
7	63660192	3	37
7	64109624	4	26
7	67424892	7	28
7	69386453	8	18
7	76929713	8	37
7	78489280	5	40
7	78865624	12	12
7	80926193	6	31
7	81912234	6	34
7	86893928	7	33
7	89792774	7	33
7	93708537	8	33
7	93715621	8	13
7	94756032	4	33
7	95595413	4	30
7	96630991	7	24
7	97176880	4	27
7	100909349	9	25
7	108872937	10	38
7	111703780	4	28
7	111843933	4	18
7	114959281	5	27
7	118142113	12	18
7	121458428	5	35
7	121608924	6	29
7	125299630	5	26
7	125338262	5	30
7	126285567	15	14
7	127562560	11	24
7	128905080	10	25
7	130541190	10	41
7	131479965	3	18
7	138182644	19	17
7	141654448	23	11
7	144109664	8	24
7	146539385	5	26
7	150658255	5	31
7	151000903	7	23
7	152958847	8	21
7	153270737	5	31
8	2004890	2	13
8	6629381	7	28
8	9690730	7	27
8	13670891	5	27
8	15847321	3	28
8	15855248	15	18
8	16287647	11	19
8	17409461	3	28
8	21212493	8	37
8	21827954	4	31
8	23857671	9	23
8	28129197	11	20
8	28690641	9	24
8	29548555	13	24
8	31079016	8	28
8	31788589	14	19
8	32636097	3	39
8	32936039	9	21
8	33904042	4	26
8	39590902	5	31
8	41874897	7	30
8	43412788	20	18
8	50047758	4	32
8	50053580	5	33
8	50870677	5	27
8	52095345	8	25
8	54410809	5	30
8	54786521	7	40
8	55321054	3	23
8	57344325	7	18
8	60249290	15	13
8	63251149	7	21
8	64578133	10	17
8	66745283	7	29
8	67302451	12	21
8	69409181	5	38
8	71416254	5	31
8	71470729	3	32
8	73094175	3	25
8	77963874	4	35
8	78037004	14	17
8	81811039	11	27
8	84129167	3	33
8	85203980	8	31
8	86187808	12	15
8	96520981	3	34
8	100209876	5	32
8	101595831	6	21
8	103230493	6	26
8	103383922	6	29
8	104193266	4	28
8	106051248	14	12
8	106725304	6	26
8	108025840	12	26
8	109803007	8	26
8	110725848	3	23
8	111298215	5	30
8	111682503	6	26
8	113442671	4	31
8	114901545	4	24
8	115910176	5	26
8	121108451	5	26
8	128913667	7	26
8	135021045	5	20
8	142501491	10	17
8	144370537	6	28
8	144396270	9	25
9	438963	5	56
9	1261339	8	33
9	7290864	3	28
9	8574466	6	31
9	8949331	4	26
9	14050009	6	21
9	24360754	7	32
9	24643939	10	37
9	24746420	4	31
9	29940633	5	22
9	31224260	1	27
9	32063141	7	26
9	34831658	3	40
9	71766943	15	19
9	79203168	10	32
9	84379141	5	25
9	87276686	29	25
9	89441206	7	28
9	89596217	3	28
9	90101804	8	25
9	90352259	5	24
9	90707109	5	22
9	92707441	5	19
9	94541832	5	27
9	94933135	4	20
9	95102852	4	40
9	95268703	22	21
9	95799889	6	33
9	97826206	5	28
9	98014800	19	24
9	98442325	6	34
9	100460729	18	15
9	100787842	8	20
9	100795408	8	26
9	103992956	3	25
9	105135268	4	36
9	107429632	4	14
9	113375966	6	16
9	127690266	4	24
9	128247388	16	39
9	130125698	5	41
9	134409200	7	17
X	19422612	4	-5
X	36138244	5	8
X	37576316	11	4
X	39247671	5	3
X	39571585	6	1
X	42200074	6	6
X	44951954	5	5
X	56363663	11	14
X	62227610	6	13
X	63893659	9	14
X	64877039	4	19
X	65845285	8	11
X	69966848	14	8
X	71286771	4	9
X	76350420	6	14
X	76456274	4	5
X	82126264	3	11
X	82961534	5	9
X	83078287	4	10
X	87511846	10	22
X	87864802	7	14
X	88218029	12	1
X	92530425	3	6
X	93326183	3	29
X	93430540	4	31
X	94297517	8	11
X	96652697	4	9
X	96652792	4	8
X	98162924	7	16
X	100610588	18	29
X	100610589	17	30
X	104830154	4	12
X	105248277	5	14
X	106862808	5	11
X	107431996	20	3
X	109877505	5	23
X	110690812	8	13
X	123961899	5	10
X	124456504	17	1
X	129345749	15	7
X	131415405	3	21
X	131961205	4	10
X	133477870	3	15
X	138501661	3	11
X	146054233	4	12
X	146572742	14	16
X	147642546	5	17
X	152074204	3	16
Y	4760764	4	10
Y	5936001	6	13
Y	5936023	6	16
Y	5991399	6	21
Y	14100333	4	10
Y	15385408	4	11
Y	23462965	19	2