1	1000	19	39
1	2000	17	48
1	3000	20	29
1	4000	15	26
1	5000	49	25
1	6000	26	14
1	7000	6	35
1	8000	21	27
1	9000	13	21
1	10000	20	27
1	11000	13	43
1	12000	26	21
1	13000	8	29
1	14000	29	34
1	15000	14	21
1	16000	11	81
1	17000	14	19
1	18000	8	20
1	19000	8	28
1	20000	8	18
1	21000	40	34
1	22000	9	29
1	23000	13	42
1	24000	23	29
1	25000	12	26
1	26000	13	32
1	27000	12	30
1	28000	9	34
1	29000	11	34
1	30000	21	32
1	31000	9	46
1	32000	11	30
1	33000	10	28
1	34000	24	22
1	35000	33	34
1	36000	20	41
1	37000	9	37
1	38000	15	28
1	39000	17	32
1	40000	9	42
1	41000	18	32
1	42000	13	27
1	43000	13	32
1	44000	11	63
1	45000	14	27
1	46000	21	31
1	47000	8	50
1	48000	18	44
1	49000	13	30
1	50000	10	63
1	51000	42	50
1	52000	27	39
1	53000	15	16
1	54000	11	36
1	55000	21	22
1	56000	12	62
1	57000	17	43
1	58000	18	31
1	59000	23	15
1	60000	18	55
1	61000	11	27
1	62000	12	39
1	63000	18	30
1	64000	13	30
1	65000	22	27
1	66000	9	40
1	67000	14	12
1	68000	18	27
1	69000	16	19
1	70000	5	31
1	71000	15	30
1	72000	27	14
1	73000	15	40
1	74000	17	27
1	75000	15	8
1	76000	7	40
1	77000	14	34
1	78000	30	25
1	79000	7	24
1	80000	18	26
1	81000	18	27
1	82000	30	37
1	83000	17	34
1	84000	17	30
1	85000	13	16
1	86000	12	25
1	87000	14	8
1	88000	16	21
1	89000	21	22
1	90000	12	45
1	91000	20	21
1	92000	13	46
1	93000	18	37
1	94000	13	14
1	95000	11	40
1	96000	14	38
1	97000	12	37
1	98000	10	43
1	99000	20	25
1	100000	33	36
1	101000	19	30
1	102000	11	11
1	103000	13	32
1	104000	13	35
1	105000	18	31
1	106000	21	28
1	107000	16	12
1	108000	13	33
1	109000	21	12
1	110000	14	41
1	111000	24	37
1	112000	10	31
1	113000	39	42
1	114000	13	24
1	115000	13	20
1	116000	13	37
1	117000	15	25
1	118000	12	25
1	119000	20	35
1	120000	18	38
1	121000	24	8
1	122000	16	23
1	123000	8	35
1	124000	17	31
1	125000	13	8
1	126000	20	36
1	127000	12	41
1	128000	13	37
1	129000	24	34
1	130000	10	22
1	131000	21	30
1	132000	15	18
1	133000	17	15
1	134000	10	36
1	135000	22	20
1	136000	18	38
1	137000	18	31
1	138000	12	26
1	139000	10	41
1	140000	16	27
1	141000	20	32
1	142000	19	13
1	143000	13	30
1	144000	11	50
1	145000	11	11
1	146000	18	24
1	147000	18	34
1	148000	16	39
1	149000	13	25
1	150000	25	36
1	151000	13	31
1	152000	15	32
1	153000	12	30
1	154000	18	10
1	155000	17	13
1	156000	19	27
1	157000	12	22
1	158000	16	20
1	159000	12	27
1	160000	20	18
1	161000	13	26
1	162000	5	43
1	163000	13	19
1	164000	19	13
1	165000	17	25
1	166000	15	30
1	167000	10	21
1	168000	11	21
1	169000	14	33
1	170000	20	13
1	171000	13	39
1	172000	17	41
1	173000	12	36
1	174000	19	32
1	175000	13	37
1	176000	18	24
1	177000	18	28
1	178000	18	16
1	179000	14	32
1	180000	35	19
1	181000	15	41
1	182000	13	16
1	183000	19	35
1	184000	10	14
1	185000	20	34
1	186000	21	40
1	187000	12	40
1	188000	16	23
1	189000	12	33
1	190000	18	35
1	191000	17	27
1	192000	18	29
1	193000	13	28
1	194000	22	9
1	195000	13	35
1	196000	28	16
1	197000	20	31
1	198000	15	33
1	199000	14	44
1	200000	16	33
1	201000	19	47
1	202000	27	34
1	203000	16	29
1	204000	10	34
1	205000	13	35
1	206000	10	46
1	207000	17	35
1	208000	17	96
1	209000	10	26
1	210000	20	30
1	211000	14	36
1	212000	14	33
1	213000	20	23
1	214000	13	38
1	215000	20	21
1	216000	21	36
1	217000	21	28
1	218000	17	26
1	219000	18	23
1	220000	19	26
1	221000	27	17
1	222000	19	30
1	223000	18	10
1	224000	3	27
1	225000	20	39
1	226000	15	13
1	227000	21	11
1	228000	36	38
1	229000	17	26
1	230000	19	35
1	231000	12	82
1	232000	19	27
1	233000	25	36
1	234000	13	36
1	235000	14	17
1	236000	12	29
1	237000	16	10
1	238000	24	27
1	239000	36	79
1	240000	17	32
1	241000	14	30
1	242000	20	28
1	243000	14	34
1	244000	12	78
1	245000	12	58
1	246000	18	38
1	247000	40	24
1	248000	13	24
1	249000	13	38
1	250000	10	26
1	251000	16	28
1	252000	13	32
1	253000	13	43
1	254000	17	17
1	255000	12	34
1	256000	18	15
1	257000	19	19
1	258000	7	39
1	259000	16	18
1	260000	17	35
1	261000	15	24
1	262000	9	37
1	263000	20	27
1	264000	16	11
1	265000	15	39
1	266000	15	27
1	267000	19	28
1	268000	13	26
1	269000	20	30
1	270000	14	19
1	271000	24	41
1	272000	13	39
1	273000	13	36
1	274000	20	31
1	275000	23	25
1	276000	17	32
1	277000	19	19
1	278000	18	27
1	279000	16	16
1	280000	15	33
1	281000	10	35
1	282000	23	39
1	283000	17	15
1	284000	16	37
1	285000	18	40
1	286000	17	23
1	287000	22	31
1	288000	13	31
1	289000	16	34
1	290000	21	21
1	291000	12	37
1	292000	36	48
1	293000	19	36
1	294000	9	47
1	295000	27	16
1	296000	15	31
1	297000	12	38
1	298000	17	18
1	299000	15	33
1	300000	23	29
