1	980	1020	1	1
1	1980	2020	1	2
1	2980	3020	1	1
1	3980	4020	1	1
1	4980	5020	2	1
1	5980	6020	1	0
1	6980	7020	1	1
1	7980	8020	1	1
1	8980	9020	1	1
1	9980	10020	1	1
1	10980	11020	1	1
1	11980	12020	1	1
1	12980	13020	1	1
1	13980	14020	1	1
1	14980	15020	1	1
1	15980	16020	1	4
1	16980	17020	1	0
1	17980	18020	1	0
1	18980	19020	1	1
1	19980	20020	1	0
1	20980	21020	2	1
1	21980	22020	1	1
1	22980	23020	1	1
1	23980	24020	1	1
1	24980	25020	1	1
1	25980	26020	1	1
1	26980	27020	1	1
1	27980	28020	1	1
1	28980	29020	1	1
1	29980	30020	1	1
1	30980	31020	1	1
1	31980	32020	1	1
1	32980	33020	1	1
1	33980	34020	1	1
1	34980	35020	2	1
1	35980	36020	1	1
1	36980	37020	1	1
1	37980	38020	1	1
1	38980	39020	1	1
1	39980	40020	1	1
1	40980	41020	1	1
1	41980	42020	1	1
1	42980	43020	1	1
1	43980	44020	1	2
1	44980	45020	1	1
1	45980	46020	1	1
1	46980	47020	1	1
1	47980	48020	1	1
1	48980	49020	1	1
1	49980	50020	1	2
1	50980	51020	2	2
1	51980	52020	1	1
1	52980	53020	1	0
1	53980	54020	1	1
1	54980	55020	1	1
1	55980	56020	1	3
1	56980	57020	1	2
1	57980	58020	1	1
1	58980	59020	1	0
1	59980	60020	1	2
1	60980	61020	1	1
1	61980	62020	1	1
1	62980	63020	1	1
1	63980	64020	1	1
1	64980	65020	1	1
1	65980	66020	1	1
1	66980	67020	1	0
1	67980	68020	1	1
1	68980	69020	1	0
1	69980	70020	1	1
1	70980	71020	1	1
1	71980	72020	1	0
1	72980	73020	1	1
1	73980	74020	1	1
1	74980	75020	1	0
1	75980	76020	1	1
1	76980	77020	1	1
1	77980	78020	1	1
1	78980	79020	1	0
1	79980	80020	1	1
1	80980	81020	1	1
1	81980	82020	1	1
1	82980	83020	1	1
1	83980	84020	1	1
1	84980	85020	1	0
1	85980	86020	1	1
1	86980	87020	1	0
1	87980	88020	1	0
1	88980	89020	1	1
1	89980	90020	1	1
1	90980	91020	1	1
1	91980	92020	1	1
1	92980	93020	1	1
1	93980	94020	1	0
1	94980	95020	1	1
1	95980	96020	1	2
1	96980	97020	1	1
1	97980	98020	1	1
1	98980	99020	1	1
1	99980	100020	2	1
1	100980	101020	1	1
1	101980	102020	1	0
1	102980	103020	1	1
1	103980	104020	1	1
1	104980	105020	1	1
1	105980	106020	1	1
1	106980	107020	1	0
1	107980	108020	1	1
1	108980	109020	1	0
1	109980	110020	1	1
1	110980	111020	1	1
1	111980	112020	1	1
1	112980	113020	2	2
1	113980	114020	1	1
1	114980	115020	1	0
1	115980	116020	1	1
1	116980	117020	1	1
1	117980	118020	1	1
1	118980	119020	1	1
1	119980	120020	1	1
1	120980	121020	1	0
1	121980	122020	1	1
1	122980	123020	1	1
1	123980	124020	1	1
1	124980	125020	1	0
1	125980	126020	1	1
1	126980	127020	1	1
1	127980	128020	1	1
1	128980	129020	1	1
1	129980	130020	1	1
1	130980	131020	1	1
1	131980	132020	1	0
1	132980	133020	1	0
1	133980	134020	1	1
1	134980	135020	1	1
1	135980	136020	1	1
1	136980	137020	1	1
1	137980	138020	1	1
1	138980	139020	1	1
1	139980	140020	1	1
1	140980	141020	1	1
1	141980	142020	1	0
1	142980	143020	1	1
1	143980	144020	1	1
1	144980	145020	1	0
1	145980	146020	1	1
1	146980	147020	1	1
1	147980	148020	1	1
1	148980	149020	1	1
1	149980	150020	1	1
1	150980	151020	1	1
1	151980	152020	1	1
1	152980	153020	1	1
1	153980	154020	1	0
1	154980	155020	1	0
1	155980	156020	1	1
1	156980	157020	1	1
1	157980	158020	1	1
1	158980	159020	1	1
1	159980	160020	1	0
1	160980	161020	1	1
1	161980	162020	1	1
1	162980	163020	1	0
1	163980	164020	1	0
1	164980	165020	1	1
1	165980	166020	1	1
1	166980	167020	1	1
1	167980	168020	1	0
1	168980	169020	1	1
1	169980	170020	1	0
1	170980	171020	1	1
1	171980	172020	1	1
1	172980	173020	1	1
1	173980	174020	1	1
1	174980	175020	1	1
1	175980	176020	1	1
1	176980	177020	1	1
1	177980	178020	1	0
1	178980	179020	1	1
1	179980	180020	2	1
1	180980	181020	1	1
1	181980	182020	1	0
1	182980	183020	1	1
1	183980	184020	1	0
1	184980	185020	1	1
1	185980	186020	1	1
1	186980	187020	1	1
1	187980	188020	1	1
1	188980	189020	1	1
1	189980	190020	1	1
1	190980	191020	1	1
1	191980	192020	1	1
1	192980	193020	1	1
1	193980	194020	1	0
1	194980	195020	1	1
1	195980	196020	1	0
1	196980	197020	1	1
1	197980	198020	1	1
1	198980	199020	1	1
1	199980	200020	1	1
1	200980	201020	1	1
1	201980	202020	1	1
1	202980	203020	1	1
1	203980	204020	1	1
1	204980	205020	1	1
1	205980	206020	1	1
1	206980	207020	1	1
1	207980	208020	1	4
1	208980	209020	1	1
1	209980	210020	1	1
1	210980	211020	1	1
1	211980	212020	1	1
1	212980	213020	1	1
1	213980	214020	1	1
1	214980	215020	1	0
1	215980	216020	1	1
1	216980	217020	1	1
1	217980	218020	1	1
1	218980	219020	1	1
1	219980	220020	1	1
1	220980	221020	1	0
1	221980	222020	1	1
1	222980	223020	1	0
1	223980	224020	1	1
1	224980	225020	1	1
1	225980	226020	1	0
1	226980	227020	1	0
1	227980	228020	2	1
1	228980	229020	1	1
1	229980	230020	1	1
1	230980	231020	1	4
1	231980	232020	1	1
1	232980	233020	1	1
1	233980	234020	1	1
1	234980	235020	1	0
1	235980	236020	1	1
1	236980	237020	1	0
1	237980	238020	1	1
1	238980	239020	2	3
1	239980	240020	1	1
1	240980	241020	1	1
1	241980	242020	1	1
1	242980	243020	1	1
1	243980	244020	1	4
1	244980	245020	1	2
1	245980	246020	1	1
1	246980	247020	2	1
1	247980	248020	1	1
1	248980	249020	1	1
1	249980	250020	1	1
1	250980	251020	1	1
1	251980	252020	1	1
1	252980	253020	1	1
1	253980	254020	1	0
1	254980	255020	1	1
1	255980	256020	1	0
1	256980	257020	1	0
1	257980	258020	1	1
1	258980	259020	1	1
1	259980	260020	1	1
1	260980	261020	1	1
1	261980	262020	1	1
1	262980	263020	1	1
1	263980	264020	1	0
1	264980	265020	1	1
1	265980	266020	1	1
1	266980	267020	1	1
1	267980	268020	1	1
1	268980	269020	1	1
1	269980	270020	1	0
1	270980	271020	1	1
1	271980	272020	1	1
1	272980	273020	1	1
1	273980	274020	1	1
1	274980	275020	1	1
1	275980	276020	1	1
1	276980	277020	1	0
1	277980	278020	1	1
1	278980	279020	1	0
1	279980	280020	1	1
1	280980	281020	1	1
1	281980	282020	1	1
1	282980	283020	1	0
1	283980	284020	1	1
1	284980	285020	1	1
1	285980	286020	1	1
1	286980	287020	1	1
1	287980	288020	1	1
1	288980	289020	1	1
1	289980	290020	1	1
1	290980	291020	1	1
1	291980	292020	2	2
1	292980	293020	1	1
1	293980	294020	1	1
1	294980	295020	1	0
1	295980	296020	1	1
1	296980	297020	1	1
1	297980	298020	1	0
1	298980	299020	1	1
1	299980	300020	1	1
