chr	startpos	endpos	BAF	pval	LogR	ntot	nMaj1_A	nMin1_A	frac1_A	nMaj2_A	nMin2_A	frac2_A	SDfrac_A	SDfrac_A_BS	frac1_A_0.025	frac1_A_0.975	nMaj1_B	nMin1_B	frac1_B	nMaj2_B	nMin2_B	frac2_B	SDfrac_B	SDfrac_B_BS	frac1_B_0.025	frac1_B_0.975	nMaj1_C	nMin1_C	frac1_C	nMaj2_C	nMin2_C	frac2_C	SDfrac_C	SDfrac_C_BS	frac1_C_0.025	frac1_C_0.975	nMaj1_D	nMin1_D	frac1_D	nMaj2_D	nMin2_D	frac2_D	SDfrac_D	SDfrac_D_BS	frac1_D_0.025	frac1_D_0.975	nMaj1_E	nMin1_E	frac1_E	nMaj2_E	nMin2_E	frac2_E	SDfrac_E	SDfrac_E_BS	frac1_E_0.025	frac1_E_0.975	nMaj1_F	nMin1_F	frac1_F	nMaj2_F	nMin2_F	frac2_F	SDfrac_F	SDfrac_F_BS	frac1_F_0.025	frac1_F_0.975
1	843405	249223191	0.501335723881828	1	-0.264965218431497	1.9875964725326	1	1	1	NA	NA	NA	NA	NA	NA	NA	NA	NA	NA	NA	NA	NA	NA	NA	NA	NA	NA	NA	NA	NA	NA	NA	NA	NA	NA	NA	NA	NA	NA	NA	NA	NA	NA	NA	NA	NA	NA	NA	NA	NA	NA	NA	NA	NA	NA	NA	NA	NA	NA	NA	NA	NA	NA	NA	NA	NA
2	23368	242985695	0.501305072505979	1	-0.265527997660011	1.98669902490577	1	1	1	NA	NA	NA	NA	NA	NA	NA	NA	NA	NA	NA	NA	NA	NA	NA	NA	NA	NA	NA	NA	NA	NA	NA	NA	NA	NA	NA	NA	NA	NA	NA	NA	NA	NA	NA	NA	NA	NA	NA	NA	NA	NA	NA	NA	NA	NA	NA	NA	NA	NA	NA	NA	NA	NA	NA	NA	NA
3	60596	197846280	0.648599667038105	1	0.274710111242384	3.03146728917454	2	1	1	NA	NA	NA	NA	NA	NA	NA	NA	NA	NA	NA	NA	NA	NA	NA	NA	NA	NA	NA	NA	NA	NA	NA	NA	NA	NA	NA	NA	NA	NA	NA	NA	NA	NA	NA	NA	NA	NA	NA	NA	NA	NA	NA	NA	NA	NA	NA	NA	NA	NA	NA	NA	NA	NA	NA	NA	NA
4	109541	90470530	0.501669491223414	1	-0.26510790618274	1.98736889940682	1	1	1	NA	NA	NA	NA	NA	NA	NA	NA	NA	NA	NA	NA	NA	NA	NA	NA	NA	NA	NA	NA	NA	NA	NA	NA	NA	NA	NA	NA	NA	NA	NA	NA	NA	NA	NA	NA	NA	NA	NA	NA	NA	NA	NA	NA	NA	NA	NA	NA	NA	NA	NA	NA	NA	NA	NA	NA	NA
4	90471033	90498133	0.825070382076107	1	1.28658796675181	6.43171645200654	5	1	1	NA	NA	NA	NA	NA	NA	NA	NA	NA	NA	NA	NA	NA	NA	NA	NA	NA	NA	NA	NA	NA	NA	NA	NA	NA	NA	NA	NA	NA	NA	NA	NA	NA	NA	NA	NA	NA	NA	NA	NA	NA	NA	NA	NA	NA	NA	NA	NA	NA	NA	NA	NA	NA	NA	NA	NA	NA
4	90499392	190781263	0.501151893725053	1	-0.265077416558311	1.98741752551011	1	1	1	NA	NA	NA	NA	NA	NA	NA	NA	NA	NA	NA	NA	NA	NA	NA	NA	NA	NA	NA	NA	NA	NA	NA	NA	NA	NA	NA	NA	NA	NA	NA	NA	NA	NA	NA	NA	NA	NA	NA	NA	NA	NA	NA	NA	NA	NA	NA	NA	NA	NA	NA	NA	NA	NA	NA	NA	NA
5	859234	180742812	0.648811138507092	1	0.27521892952151	3.0326472117529	2	1	1	NA	NA	NA	NA	NA	NA	NA	NA	NA	NA	NA	NA	NA	NA	NA	NA	NA	NA	NA	NA	NA	NA	NA	NA	NA	NA	NA	NA	NA	NA	NA	NA	NA	NA	NA	NA	NA	NA	NA	NA	NA	NA	NA	NA	NA	NA	NA	NA	NA	NA	NA	NA	NA	NA	NA	NA	NA
6	203397	170898626	0.501229440281669	1	-0.264870837538652	1.98774701327204	1	1	1	NA	NA	NA	NA	NA	NA	NA	NA	NA	NA	NA	NA	NA	NA	NA	NA	NA	NA	NA	NA	NA	NA	NA	NA	NA	NA	NA	NA	NA	NA	NA	NA	NA	NA	NA	NA	NA	NA	NA	NA	NA	NA	NA	NA	NA	NA	NA	NA	NA	NA	NA	NA	NA	NA	NA	NA	NA
7	80500	159122659	0.648454169232269	1	0.275156422317942	3.03250223844412	2	1	1	NA	NA	NA	NA	NA	NA	NA	NA	NA	NA	NA	NA	NA	NA	NA	NA	NA	NA	NA	NA	NA	NA	NA	NA	NA	NA	NA	NA	NA	NA	NA	NA	NA	NA	NA	NA	NA	NA	NA	NA	NA	NA	NA	NA	NA	NA	NA	NA	NA	NA	NA	NA	NA	NA	NA	NA	NA
8	143207	146273484	0.501019598544041	1	-0.265288156939335	1.98708144910398	1	1	1	NA	NA	NA	NA	NA	NA	NA	NA	NA	NA	NA	NA	NA	NA	NA	NA	NA	NA	NA	NA	NA	NA	NA	NA	NA	NA	NA	NA	NA	NA	NA	NA	NA	NA	NA	NA	NA	NA	NA	NA	NA	NA	NA	NA	NA	NA	NA	NA	NA	NA	NA	NA	NA	NA	NA	NA	NA
9	203761	141069765	0.649004290901971	1	0.275182566739003	3.03256287458275	2	1	1	NA	NA	NA	NA	NA	NA	NA	NA	NA	NA	NA	NA	NA	NA	NA	NA	NA	NA	NA	NA	NA	NA	NA	NA	NA	NA	NA	NA	NA	NA	NA	NA	NA	NA	NA	NA	NA	NA	NA	NA	NA	NA	NA	NA	NA	NA	NA	NA	NA	NA	NA	NA	NA	NA	NA	NA	NA
10	202805	135216590	0.501836575952889	1	-0.265313127737312	1.98704163039216	1	1	1	NA	NA	NA	NA	NA	NA	NA	NA	NA	NA	NA	NA	NA	NA	NA	NA	NA	NA	NA	NA	NA	NA	NA	NA	NA	NA	NA	NA	NA	NA	NA	NA	NA	NA	NA	NA	NA	NA	NA	NA	NA	NA	NA	NA	NA	NA	NA	NA	NA	NA	NA	NA	NA	NA	NA	NA	NA
11	247630	134946288	0.500919891702236	1	0.666851183642046	4.0762254506044	2	2	1	NA	NA	NA	NA	NA	NA	NA	NA	NA	NA	NA	NA	NA	NA	NA	NA	NA	NA	NA	NA	NA	NA	NA	NA	NA	NA	NA	NA	NA	NA	NA	NA	NA	NA	NA	NA	NA	NA	NA	NA	NA	NA	NA	NA	NA	NA	NA	NA	NA	NA	NA	NA	NA	NA	NA	NA	NA
12	188285	133820866	0.501198098145252	1	-0.265309568980601	1.98704730518303	1	1	1	NA	NA	NA	NA	NA	NA	NA	NA	NA	NA	NA	NA	NA	NA	NA	NA	NA	NA	NA	NA	NA	NA	NA	NA	NA	NA	NA	NA	NA	NA	NA	NA	NA	NA	NA	NA	NA	NA	NA	NA	NA	NA	NA	NA	NA	NA	NA	NA	NA	NA	NA	NA	NA	NA	NA	NA	NA
13	19589846	114999838	0.501094115004603	1	-0.264629511731755	1.98813198094314	1	1	1	NA	NA	NA	NA	NA	NA	NA	NA	NA	NA	NA	NA	NA	NA	NA	NA	NA	NA	NA	NA	NA	NA	NA	NA	NA	NA	NA	NA	NA	NA	NA	NA	NA	NA	NA	NA	NA	NA	NA	NA	NA	NA	NA	NA	NA	NA	NA	NA	NA	NA	NA	NA	NA	NA	NA	NA	NA
14	20428592	22917633	0.501529890090444	1	-0.266271411892241	1.98551406044522	1	1	1	NA	NA	NA	NA	NA	NA	NA	NA	NA	NA	NA	NA	NA	NA	NA	NA	NA	NA	NA	NA	NA	NA	NA	NA	NA	NA	NA	NA	NA	NA	NA	NA	NA	NA	NA	NA	NA	NA	NA	NA	NA	NA	NA	NA	NA	NA	NA	NA	NA	NA	NA	NA	NA	NA	NA	NA	NA
14	22920326	22980408	0.883570538055249	1	-0.268533906218683	1.98191151425188	1	0	1	NA	NA	NA	NA	NA	NA	NA	NA	NA	NA	NA	NA	NA	NA	NA	NA	NA	NA	NA	NA	NA	NA	NA	NA	NA	NA	NA	NA	NA	NA	NA	NA	NA	NA	NA	NA	NA	NA	NA	NA	NA	NA	NA	NA	NA	NA	NA	NA	NA	NA	NA	NA	NA	NA	NA	NA	NA
14	22983567	107239333	0.500615948949558	1	-0.264883919619512	1.98772614631946	1	1	1	NA	NA	NA	NA	NA	NA	NA	NA	NA	NA	NA	NA	NA	NA	NA	NA	NA	NA	NA	NA	NA	NA	NA	NA	NA	NA	NA	NA	NA	NA	NA	NA	NA	NA	NA	NA	NA	NA	NA	NA	NA	NA	NA	NA	NA	NA	NA	NA	NA	NA	NA	NA	NA	NA	NA	NA	NA
15	20001774	102431166	0.500846297704599	1	-0.266004072739695	1.98594011514509	1	1	1	NA	NA	NA	NA	NA	NA	NA	NA	NA	NA	NA	NA	NA	NA	NA	NA	NA	NA	NA	NA	NA	NA	NA	NA	NA	NA	NA	NA	NA	NA	NA	NA	NA	NA	NA	NA	NA	NA	NA	NA	NA	NA	NA	NA	NA	NA	NA	NA	NA	NA	NA	NA	NA	NA	NA	NA	NA
16	83807	89996871	0.502074792821842	1	-0.265943695775813	1.98603634800426	1	1	1	NA	NA	NA	NA	NA	NA	NA	NA	NA	NA	NA	NA	NA	NA	NA	NA	NA	NA	NA	NA	NA	NA	NA	NA	NA	NA	NA	NA	NA	NA	NA	NA	NA	NA	NA	NA	NA	NA	NA	NA	NA	NA	NA	NA	NA	NA	NA	NA	NA	NA	NA	NA	NA	NA	NA	NA	NA
17	41362	215847	0.922182416231801	0.448236645134053	-0.261876282195776	1.99252854802166	2	0	1	NA	NA	NA	NA	NA	NA	NA	NA	NA	NA	NA	NA	NA	NA	NA	NA	NA	NA	NA	NA	NA	NA	NA	NA	NA	NA	NA	NA	NA	NA	NA	NA	NA	NA	NA	NA	NA	NA	NA	NA	NA	NA	NA	NA	NA	NA	NA	NA	NA	NA	NA	NA	NA	NA	NA	NA	NA
17	216170	217216	0.693914857398781	0.0319503192780103	-0.369830174121388	1.82627284149749	1	0	0.646502036097884	1	1	0.353497963902116	0.457265651207744	7.39616662696488	-23.8381361843988	0.55894307285683	1	0	0.823251018048942	1	2	0.176748981951058	0.228632825603872	3.69808331348245	-11.4190680921994	0.779471536428415	2	0	0.205403046304505	2	1	0.794596953695495	0.85257180667684	13.7901526759761	-45.4462049158115	0.0421493593415595	2	0	0.602701523152253	2	2	0.397298476847747	0.42628590333842	6.89507633798801	-22.2231024579058	0.52107467967078	NA	NA	NA	NA	NA	NA	NA	NA	NA	NA	NA	NA	NA	NA	NA	NA	NA	NA	NA	NA
17	217692	278168	0.916742042854655	0.210291464086176	-0.238281969470162	2.03055178526701	2	0	1	NA	NA	NA	NA	NA	NA	NA	NA	NA	NA	NA	NA	NA	NA	NA	NA	NA	NA	NA	NA	NA	NA	NA	NA	NA	NA	NA	NA	NA	NA	NA	NA	NA	NA	NA	NA	NA	NA	NA	NA	NA	NA	NA	NA	NA	NA	NA	NA	NA	NA	NA	NA	NA	NA	NA	NA	NA
17	287363	561507	0.600802401480426	0.501094174982086	-0.273776500218517	1.97358546737645	1	1	1	NA	NA	NA	NA	NA	NA	NA	NA	NA	NA	NA	NA	NA	NA	NA	NA	NA	NA	NA	NA	NA	NA	NA	NA	NA	NA	NA	NA	NA	NA	NA	NA	NA	NA	NA	NA	NA	NA	NA	NA	NA	NA	NA	NA	NA	NA	NA	NA	NA	NA	NA	NA	NA	NA	NA	NA	NA
17	561893	19722786	0.931076271076873	1	-0.265905661387899	1.98609697183326	2	0	1	NA	NA	NA	NA	NA	NA	NA	NA	NA	NA	NA	NA	NA	NA	NA	NA	NA	NA	NA	NA	NA	NA	NA	NA	NA	NA	NA	NA	NA	NA	NA	NA	NA	NA	NA	NA	NA	NA	NA	NA	NA	NA	NA	NA	NA	NA	NA	NA	NA	NA	NA	NA	NA	NA	NA	NA	NA
17	19736262	21003615	0.838485063697456	0.000603039567037522	-0.267167739035654	1.98408617226413	1	0	0.933918926338812	1	1	0.0660810736611879	0.0201021242879589	0.0206017892907377	0.888066955486968	0.971618474576955	1	0	0.966959463169406	1	2	0.0330405368305939	0.0100510621439793	0.0103008946453689	0.944033477743484	0.985809237288478	2	0	0.741291838158715	2	1	0.258708161841285	0.0374804107348993	0.0380346443000826	0.666299075912362	0.812373131159568	2	0	0.870645919079358	2	2	0.129354080920642	0.0187402053674497	0.0190173221500413	0.833149537956181	0.906186565579784	NA	NA	NA	NA	NA	NA	NA	NA	NA	NA	NA	NA	NA	NA	NA	NA	NA	NA	NA	NA
17	21004102	21034672	0.635574724406251	0.496165508515782	-0.274764131237207	1.97202034113094	1	1	1	NA	NA	NA	NA	NA	NA	NA	NA	NA	NA	NA	NA	NA	NA	NA	NA	NA	NA	NA	NA	NA	NA	NA	NA	NA	NA	NA	NA	NA	NA	NA	NA	NA	NA	NA	NA	NA	NA	NA	NA	NA	NA	NA	NA	NA	NA	NA	NA	NA	NA	NA	NA	NA	NA	NA	NA	NA
17	21074153	43538523	0.933503713276668	1	-0.268464297286857	2.1940023452321	2	0	1	NA	NA	NA	NA	NA	NA	NA	NA	NA	NA	NA	NA	NA	NA	NA	NA	NA	NA	NA	NA	NA	NA	NA	NA	NA	NA	NA	NA	NA	NA	NA	NA	NA	NA	NA	NA	NA	NA	NA	NA	NA	NA	NA	NA	NA	NA	NA	NA	NA	NA	NA	NA	NA	NA	NA	NA	NA
17	43538807	43705099	0.703398467447551	0.000158813410607001	-0.299522324033041	1.93313340011551	1	0	0.668977107831444	1	1	0.331022892168556	0.0979384575908926	0.10045079293528	0.43594873942931	0.83238392513509	1	0	0.834488553915722	1	2	0.165511446084278	0.0489692287954462	0.0502253964676398	0.717974369714655	0.916191962567545	2	0	0.247307817551728	2	1	0.752692182448272	0.182606254178219	0.187290503427829	-0.187173575334051	0.551979828414376	2	0	0.623653908775864	2	2	0.376346091224136	0.0913031270891097	0.0936452517139144	0.406413212332974	0.775989914207188	NA	NA	NA	NA	NA	NA	NA	NA	NA	NA	NA	NA	NA	NA	NA	NA	NA	NA	NA	NA
17	43705356	51129219	0.93846788723756	1	-0.265665034607012	2.39629604422264	2	0	1	NA	NA	NA	NA	NA	NA	NA	NA	NA	NA	NA	NA	NA	NA	NA	NA	NA	NA	NA	NA	NA	NA	NA	NA	NA	NA	NA	NA	NA	NA	NA	NA	NA	NA	NA	NA	NA	NA	NA	NA	NA	NA	NA	NA	NA	NA	NA	NA	NA	NA	NA	NA	NA	NA	NA	NA	NA
17	51129744	51663530	0.862755952214374	0.184844370520609	-0.26269077892015	1.99122702344299	1	0	1	NA	NA	NA	NA	NA	NA	NA	NA	NA	NA	NA	NA	NA	NA	NA	NA	NA	NA	NA	NA	NA	NA	NA	NA	NA	NA	NA	NA	NA	NA	NA	NA	NA	NA	NA	NA	NA	NA	NA	NA	NA	NA	NA	NA	NA	NA	NA	NA	NA	NA	NA	NA	NA	NA	NA	NA	NA
17	51668090	60502082	0.92924890419892	1	-0.269752021034109	1.97997426113058	2	0	1	NA	NA	NA	NA	NA	NA	NA	NA	NA	NA	NA	NA	NA	NA	NA	NA	NA	NA	NA	NA	NA	NA	NA	NA	NA	NA	NA	NA	NA	NA	NA	NA	NA	NA	NA	NA	NA	NA	NA	NA	NA	NA	NA	NA	NA	NA	NA	NA	NA	NA	NA	NA	NA	NA	NA	NA	NA
17	60505123	60632384	0.648193035232751	0.00973836646228321	-0.267046730508161	1.9842788923244	1	0	0.528918102170253	1	1	0.471081897829747	0.149997762742799	0.155817278855497	0.178414361810459	0.765467697510621	1	0	0.764459051085127	1	2	0.235540948914873	0.0749988813713997	0.0779086394277483	0.589207180905229	0.882733848755311	1	1	0.0254853815583153	2	1	0.974514618441685	0.517896487575305	0.573843408856697	-1.30516717036907	0.787582098482063	0	1	0.0127426907791577	2	1	0.987257309220842	0.258948243787653	0.286921704428348	-0.652583585184534	0.393791049241031	1	1	0.512742690779157	3	1	0.487257309220843	0.258948243787653	0.286921704428348	-0.152583585184534	0.893791049241031	NA	NA	NA	NA	NA	NA	NA	NA	NA	NA
17	60633128	76473608	0.93548340446488	1	-0.267058735650837	2.27094429697235	2	0	1	NA	NA	NA	NA	NA	NA	NA	NA	NA	NA	NA	NA	NA	NA	NA	NA	NA	NA	NA	NA	NA	NA	NA	NA	NA	NA	NA	NA	NA	NA	NA	NA	NA	NA	NA	NA	NA	NA	NA	NA	NA	NA	NA	NA	NA	NA	NA	NA	NA	NA	NA	NA	NA	NA	NA	NA	NA
17	76473647	76479910	0.679116686692617	0.684308953432601	-0.225303716860799	2.05173341270764	2	1	1	NA	NA	NA	NA	NA	NA	NA	NA	NA	NA	NA	NA	NA	NA	NA	NA	NA	NA	NA	NA	NA	NA	NA	NA	NA	NA	NA	NA	NA	NA	NA	NA	NA	NA	NA	NA	NA	NA	NA	NA	NA	NA	NA	NA	NA	NA	NA	NA	NA	NA	NA	NA	NA	NA	NA	NA	NA
17	76480045	76806329	0.928585663849431	1	-0.274297056857692	1.97276039330722	2	0	1	NA	NA	NA	NA	NA	NA	NA	NA	NA	NA	NA	NA	NA	NA	NA	NA	NA	NA	NA	NA	NA	NA	NA	NA	NA	NA	NA	NA	NA	NA	NA	NA	NA	NA	NA	NA	NA	NA	NA	NA	NA	NA	NA	NA	NA	NA	NA	NA	NA	NA	NA	NA	NA	NA	NA	NA	NA
17	76808726	76813025	0.537809407970185	0.789735802301971	-0.248403061883906	2.01416502422578	1	1	1	NA	NA	NA	NA	NA	NA	NA	NA	NA	NA	NA	NA	NA	NA	NA	NA	NA	NA	NA	NA	NA	NA	NA	NA	NA	NA	NA	NA	NA	NA	NA	NA	NA	NA	NA	NA	NA	NA	NA	NA	NA	NA	NA	NA	NA	NA	NA	NA	NA	NA	NA	NA	NA	NA	NA	NA	NA
17	76814115	76834841	0.80486586852665	0.00134195319088599	-0.227274120764039	2.04850526218513	2	0	0.633851872499943	2	1	0.366148127500057	0.127442663515041	0.125513598552085	0.357893896081695	0.846826265549052	2	0	0.816925936249972	2	2	0.183074063750028	0.0637213317575204	0.0627567992760426	0.678946948040848	0.923413132774526	1	0	0.876294916867763	1	1	0.123705083132237	0.0683521928211535	0.0673175642542694	0.72828849347369	0.99052092547549	1	0	0.938147458433881	1	2	0.0618525415661186	0.0341760964105768	0.0336587821271347	0.864144246736845	0.995260462737745	NA	NA	NA	NA	NA	NA	NA	NA	NA	NA	NA	NA	NA	NA	NA	NA	NA	NA	NA	NA
17	76834867	79998834	0.929827811761313	1	-0.269834565752204	1.97984304366327	2	0	1	NA	NA	NA	NA	NA	NA	NA	NA	NA	NA	NA	NA	NA	NA	NA	NA	NA	NA	NA	NA	NA	NA	NA	NA	NA	NA	NA	NA	NA	NA	NA	NA	NA	NA	NA	NA	NA	NA	NA	NA	NA	NA	NA	NA	NA	NA	NA	NA	NA	NA	NA	NA	NA	NA	NA	NA	NA
18	125371	77999957	0.729504044680243	1	0.666408024083878	4.07487725202442	3	1	1	NA	NA	NA	NA	NA	NA	NA	NA	NA	NA	NA	NA	NA	NA	NA	NA	NA	NA	NA	NA	NA	NA	NA	NA	NA	NA	NA	NA	NA	NA	NA	NA	NA	NA	NA	NA	NA	NA	NA	NA	NA	NA	NA	NA	NA	NA	NA	NA	NA	NA	NA	NA	NA	NA	NA	NA	NA
19	226776	59097308	0.501736775255174	1	-0.26493142505174	1.98765037299276	1	1	1	NA	NA	NA	NA	NA	NA	NA	NA	NA	NA	NA	NA	NA	NA	NA	NA	NA	NA	NA	NA	NA	NA	NA	NA	NA	NA	NA	NA	NA	NA	NA	NA	NA	NA	NA	NA	NA	NA	NA	NA	NA	NA	NA	NA	NA	NA	NA	NA	NA	NA	NA	NA	NA	NA	NA	NA	NA
20	20000786	62884632	0.633602038863976	7.97785884484988e-273	0.215168079147811	2.89622680224573	1	1	0.156422406949356	2	1	0.843577593050645	0.00416245049025085	0.00405395629112212	0.14788203479341	0.163957458437711	0	1	0.0782112034746778	2	1	0.921788796525322	0.00208122524512543	0.00210691449055666	0.07411937397617	0.0824745009675767	1	1	0.578211203474678	3	1	0.421788796525322	0.00208122524512544	0.00206589803097961	0.573930003439958	0.582177827827687	2	1	0.909544402532237	2	2	0.0904555974677627	0.00259527827052841	0.00268970357151765	0.903975158746004	0.914604057160057	2	0	0.454772201266119	2	2	0.545227798733881	0.00129763913526423	0.00127314544500293	0.452151946678008	0.457181633333924	2	1	0.954772201266119	2	3	0.0452277987338814	0.00129763913526426	0.00135741337733152	0.952129386889491	0.957627834348354
21	15273817	48097610	0.573032960156695	0	-0.0240632641146201	2.40577321125378	1	1	0.604278586879873	2	1	0.395721413120127	0.0029459726872042	0.00302135219043522	0.59843242833117	0.610070157221437	0	1	0.302139293439937	2	1	0.697860706560063	0.00147298634360205	0.00148286323402875	0.299332311349146	0.305136771851098	1	1	0.802139293439937	3	1	0.197860706560063	0.00147298634360188	0.0014665486718444	0.799416591782783	0.804917829386319	2	1	0.549751833803341	2	2	0.450248166196659	0.00304944195281548	0.00312815704887579	0.543500028318115	0.55562258404965	2	0	0.274875916901671	2	2	0.725124083098329	0.00152472097640782	0.00148107257215102	0.272080560218144	0.277782911454794	2	1	0.774875916901671	2	3	0.225124083098329	0.00152472097640777	0.00152594346930701	0.771752414874693	0.77791661235322
22	16600330	23055852	0.502218306667331	1	-0.266238693163754	1.98556619958921	1	1	1	NA	NA	NA	NA	NA	NA	NA	NA	NA	NA	NA	NA	NA	NA	NA	NA	NA	NA	NA	NA	NA	NA	NA	NA	NA	NA	NA	NA	NA	NA	NA	NA	NA	NA	NA	NA	NA	NA	NA	NA	NA	NA	NA	NA	NA	NA	NA	NA	NA	NA	NA	NA	NA	NA	NA	NA	NA
22	23102474	23227573	0.893641465483393	0.000266145612458854	-0.23798708856616	2.03103094382582	2	0	0.900049492598571	2	1	0.0999505074014292	0.0264447886904153	0.0258333029296107	0.846116916932433	0.948150210195055	2	0	0.950024746299285	2	2	0.0499752537007145	0.0132223943452075	0.0129166514648054	0.923058458466217	0.974075105097527	1	0	0.839800193900523	2	0	0.160199806099477	0.136817834923646	0.135142461571089	0.531475598132323	1.06493618909091	0	0	0.419900096950262	2	0	0.580099903049738	0.0684089174618233	0.0675712307855445	0.265737799066162	0.532468094545455	1	0	0.919900096950262	3	0	0.0800999030497376	0.0684089174618229	0.0675712307855445	0.765737799066165	1.03246809454546	NA	NA	NA	NA	NA	NA	NA	NA	NA	NA
22	23254219	49999704	0.502118949560432	1	-0.266758623439024	1.98473780118139	1	1	1	NA	NA	NA	NA	NA	NA	NA	NA	NA	NA	NA	NA	NA	NA	NA	NA	NA	NA	NA	NA	NA	NA	NA	NA	NA	NA	NA	NA	NA	NA	NA	NA	NA	NA	NA	NA	NA	NA	NA	NA	NA	NA	NA	NA	NA	NA	NA	NA	NA	NA	NA	NA	NA	NA	NA	NA	NA
X	1454019	155230350	0.502898386420534	1	-0.268622033923382	1.98177130370924	1	1	1	NA	NA	NA	NA	NA	NA	NA	NA	NA	NA	NA	NA	NA	NA	NA	NA	NA	NA	NA	NA	NA	NA	NA	NA	NA	NA	NA	NA	NA	NA	NA	NA	NA	NA	NA	NA	NA	NA	NA	NA	NA	NA	NA	NA	NA	NA	NA	NA	NA	NA	NA	NA	NA	NA	NA	NA	NA
