chr	startpos	endpos	BAF	pval	LogR	ntot	nMaj1_A	nMin1_A	frac1_A	nMaj2_A	nMin2_A	frac2_A	SDfrac_A	SDfrac_A_BS	frac1_A_0.025	frac1_A_0.975	nMaj1_B	nMin1_B	frac1_B	nMaj2_B	nMin2_B	frac2_B	SDfrac_B	SDfrac_B_BS	frac1_B_0.025	frac1_B_0.975	nMaj1_C	nMin1_C	frac1_C	nMaj2_C	nMin2_C	frac2_C	SDfrac_C	SDfrac_C_BS	frac1_C_0.025	frac1_C_0.975	nMaj1_D	nMin1_D	frac1_D	nMaj2_D	nMin2_D	frac2_D	SDfrac_D	SDfrac_D_BS	frac1_D_0.025	frac1_D_0.975	nMaj1_E	nMin1_E	frac1_E	nMaj2_E	nMin2_E	frac2_E	SDfrac_E	SDfrac_E_BS	frac1_E_0.025	frac1_E_0.975	nMaj1_F	nMin1_F	frac1_F	nMaj2_F	nMin2_F	frac2_F	SDfrac_F	SDfrac_F_BS	frac1_F_0.025	frac1_F_0.975
1	811735	116378833	0.892106787099153	1	-0.519052535529759	1.10349099069548	1	0	1	NA	NA	NA	NA	NA	NA	NA	NA	NA	NA	NA	NA	NA	NA	NA	NA	NA	NA	NA	NA	NA	NA	NA	NA	NA	NA	NA	NA	NA	NA	NA	NA	NA	NA	NA	NA	NA	NA	NA	NA	NA	NA	NA	NA	NA	NA	NA	NA	NA	NA	NA	NA	NA	NA	NA	NA	NA
1	116380029	116471319	0.76157935528973	5.24666355361454e-05	-0.531671503557804	0.977249145916241	0	0	0.694847094999798	1	0	0.305152905000202	0.0762831570915873	0.0786094508488566	0.512056270097861	0.810258429691378	0	0	0.847423547499899	2	0	0.152576452500101	0.0381415785457934	0.0393047254244284	0.75602813504893	0.905129214845689	1	0	0.782470610299192	1	1	0.217529389700808	0.0603209499246363	0.059919288398566	0.656265135425961	0.884937149700248	1	0	0.891235305149596	1	2	0.108764694850404	0.0301604749623182	0.029959644199283	0.828132567712981	0.942468574850124	NA	NA	NA	NA	NA	NA	NA	NA	NA	NA	NA	NA	NA	NA	NA	NA	NA	NA	NA	NA
1	116476586	116477807	0.916626329300925	0.000523831624639964	-0.486258648996655	1.50981677638056	1	0	0.610125165915504	2	0	0.389874834084496	0.414821819714338	0.00254749056554048	2.12246306224357	2.13259993377339	0	0	0.305062582957752	2	0	0.694937417042248	0.207410909857169	0.00127374528277024	1.06123153112179	1.06629996688669	1	0	0.805062582957752	3	0	0.194937417042248	0.207410909857168	0.0012737452827702	1.56123153112179	1.56629996688669	2	0	0.944504785601072	2	1	0.0554952143989285	0.0498960716341262	5.91236942945475	-44.8508985761279	-16.7756281462898	2	0	0.972252392800536	2	2	0.0277476071994642	0.0249480358170631	2.95618471472738	-21.925449288064	-7.88781407314492	NA	NA	NA	NA	NA	NA	NA	NA	NA	NA
1	116477850	120519978	0.889233190188095	1	-0.518804322444529	0.988495821251194	1	0	1	NA	NA	NA	NA	NA	NA	NA	NA	NA	NA	NA	NA	NA	NA	NA	NA	NA	NA	NA	NA	NA	NA	NA	NA	NA	NA	NA	NA	NA	NA	NA	NA	NA	NA	NA	NA	NA	NA	NA	NA	NA	NA	NA	NA	NA	NA	NA	NA	NA	NA	NA	NA	NA	NA	NA	NA	NA
1	120644366	121101933	0.544447761790151	0.259552556176285	-0.522476988341876	0.985275458779835	0	0	1	NA	NA	NA	NA	NA	NA	NA	NA	NA	NA	NA	NA	NA	NA	NA	NA	NA	NA	NA	NA	NA	NA	NA	NA	NA	NA	NA	NA	NA	NA	NA	NA	NA	NA	NA	NA	NA	NA	NA	NA	NA	NA	NA	NA	NA	NA	NA	NA	NA	NA	NA	NA	NA	NA	NA	NA	NA
1	121168848	248587500	0.893297568480096	1	-0.517989897327866	1.11890972299726	1	0	1	NA	NA	NA	NA	NA	NA	NA	NA	NA	NA	NA	NA	NA	NA	NA	NA	NA	NA	NA	NA	NA	NA	NA	NA	NA	NA	NA	NA	NA	NA	NA	NA	NA	NA	NA	NA	NA	NA	NA	NA	NA	NA	NA	NA	NA	NA	NA	NA	NA	NA	NA	NA	NA	NA	NA	NA	NA
1	248588839	248824239	0.50062145152624	1	-0.524492738241334	0.983511437956032	0	0	1	NA	NA	NA	NA	NA	NA	NA	NA	NA	NA	NA	NA	NA	NA	NA	NA	NA	NA	NA	NA	NA	NA	NA	NA	NA	NA	NA	NA	NA	NA	NA	NA	NA	NA	NA	NA	NA	NA	NA	NA	NA	NA	NA	NA	NA	NA	NA	NA	NA	NA	NA	NA	NA	NA	NA	NA	NA
1	248824294	249223191	0.845030012298234	0.00389831606748783	-0.521512224430784	0.986120614421773	0	0	0.380748343837839	1	0	0.619251656162161	0.0921893142077548	0.0935530681059848	0.162489318438896	0.529566085463172	0	0	0.690374171918919	2	0	0.309625828081081	0.0460946571038772	0.0467765340529924	0.581244659219447	0.764783042731586	1	0	0.930174591075715	1	1	0.0698254089242849	0.0251415401623324	0.0250680138150734	0.878469200532118	0.976763430910305	1	0	0.965087295537858	1	2	0.0349127044621423	0.0125707700811661	0.0125340069075367	0.939234600266059	0.988381715455152	NA	NA	NA	NA	NA	NA	NA	NA	NA	NA	NA	NA	NA	NA	NA	NA	NA	NA	NA	NA
2	23368	87066850	0.894607054893722	1	-0.519887368538347	1.13626774422208	1	0	1	NA	NA	NA	NA	NA	NA	NA	NA	NA	NA	NA	NA	NA	NA	NA	NA	NA	NA	NA	NA	NA	NA	NA	NA	NA	NA	NA	NA	NA	NA	NA	NA	NA	NA	NA	NA	NA	NA	NA	NA	NA	NA	NA	NA	NA	NA	NA	NA	NA	NA	NA	NA	NA	NA	NA	NA	NA
2	87066973	87127061	0.59820556565989	0.106105861484304	-0.539514905251543	0.970442595839424	0	0	1	NA	NA	NA	NA	NA	NA	NA	NA	NA	NA	NA	NA	NA	NA	NA	NA	NA	NA	NA	NA	NA	NA	NA	NA	NA	NA	NA	NA	NA	NA	NA	NA	NA	NA	NA	NA	NA	NA	NA	NA	NA	NA	NA	NA	NA	NA	NA	NA	NA	NA	NA	NA	NA	NA	NA	NA	NA
2	88360897	98164409	0.861449172847588	3.71266127630413e-07	-0.535493939298213	0.973927390992559	0	0	0.274402105170599	1	0	0.725597894829401	0.0421107290088629	0.0426800030103851	0.189135157503484	0.356510279923226	0	0	0.637201052585299	2	0	0.362798947414701	0.0210553645044317	0.0213400015051925	0.594567578751741	0.678255139961612	1	0	0.955866649081482	1	1	0.0441333509185181	0.00890698691586045	0.00909213940186116	0.936140554446975	0.972271992230962	1	0	0.977933324540741	1	2	0.0220666754592591	0.00445349345793028	0.00454606970093058	0.968070277223487	0.986135996115481	NA	NA	NA	NA	NA	NA	NA	NA	NA	NA	NA	NA	NA	NA	NA	NA	NA	NA	NA	NA
2	98166928	98257657	0.651337547142628	0.000313624977283344	-0.490870597793867	1.01325955265875	1	0	0.529322443293288	1	1	0.470677556706712	0.1038204359092	0.106444352882544	0.293809541599129	0.696102480141748	1	0	0.764661221646644	1	2	0.235338778353356	0.0519102179546003	0.0532221764412721	0.646904770799565	0.848051240070874	0	0	0.879274389220924	1	0	0.120725610779076	0.044624890272504	0.0444976457070238	0.780124153681117	0.950710259303769	0	0	0.939637194610462	2	0	0.0603628053895381	0.0223124451362521	0.0222488228535119	0.890062076840558	0.975355129651884	NA	NA	NA	NA	NA	NA	NA	NA	NA	NA	NA	NA	NA	NA	NA	NA	NA	NA	NA	NA
2	98262973	112012682	0.892081608218673	1	-0.518315163891477	1.10316863755869	1	0	1	NA	NA	NA	NA	NA	NA	NA	NA	NA	NA	NA	NA	NA	NA	NA	NA	NA	NA	NA	NA	NA	NA	NA	NA	NA	NA	NA	NA	NA	NA	NA	NA	NA	NA	NA	NA	NA	NA	NA	NA	NA	NA	NA	NA	NA	NA	NA	NA	NA	NA	NA	NA	NA	NA	NA	NA	NA
2	112017145	112611915	0.692804805132548	1.54856523730808e-17	-0.534144981731137	0.975098650896374	0	0	0.825433326255382	1	0	0.174566673744618	0.0285914104108924	0.0288855690773046	0.761691107804916	0.871674608502774	0	0	0.912716663127691	2	0	0.0872833368723095	0.0142957052054462	0.0144427845386523	0.880845553902458	0.935837304251387	1	0	0.633996257487564	1	1	0.366003742512436	0.0458965932530668	0.0453023185172023	0.544683914463773	0.717344576362577	1	0	0.816998128743782	1	2	0.183001871256218	0.0229482966265334	0.0226511592586011	0.772341957231886	0.858672288181288	NA	NA	NA	NA	NA	NA	NA	NA	NA	NA	NA	NA	NA	NA	NA	NA	NA	NA	NA	NA
2	112612637	131685969	0.892967863857289	1	-0.517937481809861	1.11460622502981	1	0	1	NA	NA	NA	NA	NA	NA	NA	NA	NA	NA	NA	NA	NA	NA	NA	NA	NA	NA	NA	NA	NA	NA	NA	NA	NA	NA	NA	NA	NA	NA	NA	NA	NA	NA	NA	NA	NA	NA	NA	NA	NA	NA	NA	NA	NA	NA	NA	NA	NA	NA	NA	NA	NA	NA	NA	NA	NA
2	131790799	132941090	0.767792643327671	1.60876955193917e-10	-0.517779787599464	0.989395643980644	0	0	0.679239730952554	1	0	0.320760269047446	0.0467672684435045	0.0474033907685836	0.57027692670458	0.758421308417081	0	0	0.839619865476277	2	0	0.160380134523723	0.0233836342217523	0.0237016953842918	0.78513846335229	0.87921065420854	1	0	0.794574142065589	1	1	0.205425857934411	0.034845194631648	0.0348430823594273	0.722624817925004	0.860099759182336	1	0	0.897287071032794	1	2	0.102712928967206	0.017422597315824	0.0174215411797136	0.861312408962502	0.930049879591168	NA	NA	NA	NA	NA	NA	NA	NA	NA	NA	NA	NA	NA	NA	NA	NA	NA	NA	NA	NA
2	132962335	241611847	0.894433454985706	1	-0.518509704029914	1.13394181381141	1	0	1	NA	NA	NA	NA	NA	NA	NA	NA	NA	NA	NA	NA	NA	NA	NA	NA	NA	NA	NA	NA	NA	NA	NA	NA	NA	NA	NA	NA	NA	NA	NA	NA	NA	NA	NA	NA	NA	NA	NA	NA	NA	NA	NA	NA	NA	NA	NA	NA	NA	NA	NA	NA	NA	NA	NA	NA	NA
2	241612242	242372510	0.809116893326193	4.66294800996468e-17	-0.527525964311907	0.980861645014488	0	0	0.549584686952957	1	0	0.450415313047043	0.0365126267171331	0.0365375473251641	0.472542883688052	0.615216690980461	0	0	0.774792343476478	2	0	0.225207656523522	0.0182563133585668	0.0182687736625821	0.736271441844026	0.80760834549023	1	0	0.870344528347847	1	1	0.129655471652153	0.0166054651798284	0.0166526435402263	0.836585761057073	0.901388877073221	1	0	0.935172264173923	1	2	0.0648277358260766	0.0083027325899141	0.00832632177011313	0.918292880528537	0.950694438536611	NA	NA	NA	NA	NA	NA	NA	NA	NA	NA	NA	NA	NA	NA	NA	NA	NA	NA	NA	NA
2	242376276	242985695	0.885004151266528	1	-0.514099291416177	0.992633405697482	1	0	1	NA	NA	NA	NA	NA	NA	NA	NA	NA	NA	NA	NA	NA	NA	NA	NA	NA	NA	NA	NA	NA	NA	NA	NA	NA	NA	NA	NA	NA	NA	NA	NA	NA	NA	NA	NA	NA	NA	NA	NA	NA	NA	NA	NA	NA	NA	NA	NA	NA	NA	NA	NA	NA	NA	NA	NA	NA
3	60596	62086680	0.894607617721128	1	-0.518562819377468	1.13627529757105	1	0	1	NA	NA	NA	NA	NA	NA	NA	NA	NA	NA	NA	NA	NA	NA	NA	NA	NA	NA	NA	NA	NA	NA	NA	NA	NA	NA	NA	NA	NA	NA	NA	NA	NA	NA	NA	NA	NA	NA	NA	NA	NA	NA	NA	NA	NA	NA	NA	NA	NA	NA	NA	NA	NA	NA	NA	NA	NA
3	62086716	62113522	0.713466327138648	0.000240713236023643	-0.543806606115365	0.966733866497112	0	0	0.792789569635935	1	0	0.207210430364065	0.0786908390615596	0.0834561051174193	0.594388878084465	0.909333152242495	0	0	0.896394784817967	2	0	0.103605215182033	0.0393454195307799	0.0417280525587097	0.797194439042232	0.954666576121247	1	0	0.681609490801083	1	1	0.318390509198917	0.101768539882508	0.105334602897999	0.449107599416854	0.846356559844864	1	0	0.840804745400542	1	2	0.159195254599458	0.0508842699412542	0.0526673014489994	0.724553799708427	0.923178279922432	NA	NA	NA	NA	NA	NA	NA	NA	NA	NA	NA	NA	NA	NA	NA	NA	NA	NA	NA	NA
3	62116564	65710805	0.898330845458607	1	-0.516748690185352	1.18807249271165	1	0	1	NA	NA	NA	NA	NA	NA	NA	NA	NA	NA	NA	NA	NA	NA	NA	NA	NA	NA	NA	NA	NA	NA	NA	NA	NA	NA	NA	NA	NA	NA	NA	NA	NA	NA	NA	NA	NA	NA	NA	NA	NA	NA	NA	NA	NA	NA	NA	NA	NA	NA	NA	NA	NA	NA	NA	NA	NA
3	65711119	66699668	0.829141454094249	3.48357817407119e-12	-0.521253188322126	0.986347632344584	0	0	0.4641986800464	1	0	0.5358013199536	0.0419173052145123	0.0410383651145154	0.376476688729945	0.540881752256684	0	0	0.7320993400232	2	0	0.2679006599768	0.0209586526072564	0.0202912543663195	0.6932463535529	0.769052171796685	1	0	0.904344052402087	1	1	0.0956559475979131	0.0145422872939097	0.014217322005834	0.874865783188413	0.92853918635655	1	0	0.952172026201043	1	2	0.0478279737989566	0.0072711436469548	0.00710866100291699	0.937432891594206	0.964269593178275	NA	NA	NA	NA	NA	NA	NA	NA	NA	NA	NA	NA	NA	NA	NA	NA	NA	NA	NA	NA
3	66700877	175523026	0.894895081098982	1	-0.518320424356237	1.14014373286279	1	0	1	NA	NA	NA	NA	NA	NA	NA	NA	NA	NA	NA	NA	NA	NA	NA	NA	NA	NA	NA	NA	NA	NA	NA	NA	NA	NA	NA	NA	NA	NA	NA	NA	NA	NA	NA	NA	NA	NA	NA	NA	NA	NA	NA	NA	NA	NA	NA	NA	NA	NA	NA	NA	NA	NA	NA	NA	NA
3	175523710	175696516	0.760172201273855	2.01106987616264e-06	-0.518288358040011	0.988948899708132	0	0	0.698269458702721	1	0	0.301730541297279	0.0645246569596526	0.0666867911002871	0.541480385012934	0.802817096873565	0	0	0.84913472935136	2	0	0.15086527064864	0.0322623284798263	0.0333433955501436	0.770740192506467	0.901408548436782	1	0	0.779701984737481	1	1	0.220298015262519	0.0520313441635205	0.0534682927850964	0.662145296723567	0.873607488790553	1	0	0.88985099236874	1	2	0.11014900763126	0.0260156720817602	0.0272323239445436	0.829902596161229	0.937575615287114	NA	NA	NA	NA	NA	NA	NA	NA	NA	NA	NA	NA	NA	NA	NA	NA	NA	NA	NA	NA
3	175703543	197846280	0.894583870482352	1	-0.519187775605553	1.13595667106136	1	0	1	NA	NA	NA	NA	NA	NA	NA	NA	NA	NA	NA	NA	NA	NA	NA	NA	NA	NA	NA	NA	NA	NA	NA	NA	NA	NA	NA	NA	NA	NA	NA	NA	NA	NA	NA	NA	NA	NA	NA	NA	NA	NA	NA	NA	NA	NA	NA	NA	NA	NA	NA	NA	NA	NA	NA	NA	NA
4	109541	190781263	0.5009358908244	1	0.348621274618259	2.03271310373982	1	1	1	NA	NA	NA	NA	NA	NA	NA	NA	NA	NA	NA	NA	NA	NA	NA	NA	NA	NA	NA	NA	NA	NA	NA	NA	NA	NA	NA	NA	NA	NA	NA	NA	NA	NA	NA	NA	NA	NA	NA	NA	NA	NA	NA	NA	NA	NA	NA	NA	NA	NA	NA	NA	NA	NA	NA	NA	NA
5	859234	180742812	0.501083814472685	1	0.349410048310051	2.03397687442477	1	1	1	NA	NA	NA	NA	NA	NA	NA	NA	NA	NA	NA	NA	NA	NA	NA	NA	NA	NA	NA	NA	NA	NA	NA	NA	NA	NA	NA	NA	NA	NA	NA	NA	NA	NA	NA	NA	NA	NA	NA	NA	NA	NA	NA	NA	NA	NA	NA	NA	NA	NA	NA	NA	NA	NA	NA	NA	NA
6	203397	170898626	0.895454274885155	1	-0.518806937530463	1.1477298246179	1	0	1	NA	NA	NA	NA	NA	NA	NA	NA	NA	NA	NA	NA	NA	NA	NA	NA	NA	NA	NA	NA	NA	NA	NA	NA	NA	NA	NA	NA	NA	NA	NA	NA	NA	NA	NA	NA	NA	NA	NA	NA	NA	NA	NA	NA	NA	NA	NA	NA	NA	NA	NA	NA	NA	NA	NA	NA	NA
7	80500	159122659	0.501509868951063	1	0.349150209239878	2.03356048477926	1	1	1	NA	NA	NA	NA	NA	NA	NA	NA	NA	NA	NA	NA	NA	NA	NA	NA	NA	NA	NA	NA	NA	NA	NA	NA	NA	NA	NA	NA	NA	NA	NA	NA	NA	NA	NA	NA	NA	NA	NA	NA	NA	NA	NA	NA	NA	NA	NA	NA	NA	NA	NA	NA	NA	NA	NA	NA	NA
8	143207	28054857	0.898393377929244	1	-0.520467162261663	1.18897485188438	1	0	1	NA	NA	NA	NA	NA	NA	NA	NA	NA	NA	NA	NA	NA	NA	NA	NA	NA	NA	NA	NA	NA	NA	NA	NA	NA	NA	NA	NA	NA	NA	NA	NA	NA	NA	NA	NA	NA	NA	NA	NA	NA	NA	NA	NA	NA	NA	NA	NA	NA	NA	NA	NA	NA	NA	NA	NA	NA
8	28054973	28149017	0.785754522786723	6.75505696455848e-07	-0.549492001725624	0.961837715479005	0	0	0.629029519973372	1	0	0.370970480026628	0.062722258364721	0.0643935353136595	0.488568862548749	0.733699916110355	0	0	0.814514759986686	2	0	0.185485240013314	0.0313611291823606	0.0321967676568298	0.744284431274374	0.866849958055177	1	0	0.828487490966039	1	1	0.171512509033961	0.0378695143791838	0.0384125016922283	0.74828056730717	0.895516374707511	1	0	0.91424374548302	1	2	0.0857562545169804	0.0189347571895919	0.0178995800952187	0.87411505059825	0.94566173673248	NA	NA	NA	NA	NA	NA	NA	NA	NA	NA	NA	NA	NA	NA	NA	NA	NA	NA	NA	NA
8	28150727	119118120	0.896191495570327	1	-0.518303069618468	1.15785595171217	1	0	1	NA	NA	NA	NA	NA	NA	NA	NA	NA	NA	NA	NA	NA	NA	NA	NA	NA	NA	NA	NA	NA	NA	NA	NA	NA	NA	NA	NA	NA	NA	NA	NA	NA	NA	NA	NA	NA	NA	NA	NA	NA	NA	NA	NA	NA	NA	NA	NA	NA	NA	NA	NA	NA	NA	NA	NA	NA
8	119120079	119124007	0.651904567457677	0.409105805305733	-0.381193148510724	1.11526301601742	1	1	1	NA	NA	NA	NA	NA	NA	NA	NA	NA	NA	NA	NA	NA	NA	NA	NA	NA	NA	NA	NA	NA	NA	NA	NA	NA	NA	NA	NA	NA	NA	NA	NA	NA	NA	NA	NA	NA	NA	NA	NA	NA	NA	NA	NA	NA	NA	NA	NA	NA	NA	NA	NA	NA	NA	NA	NA	NA
8	119124059	122423486	0.895248770737142	1	-0.519279210632914	1.14493251679365	1	0	1	NA	NA	NA	NA	NA	NA	NA	NA	NA	NA	NA	NA	NA	NA	NA	NA	NA	NA	NA	NA	NA	NA	NA	NA	NA	NA	NA	NA	NA	NA	NA	NA	NA	NA	NA	NA	NA	NA	NA	NA	NA	NA	NA	NA	NA	NA	NA	NA	NA	NA	NA	NA	NA	NA	NA	NA	NA
8	122423515	122437383	0.5022689033719	1	-0.570758014345643	0.943693957594077	0	0	1	NA	NA	NA	NA	NA	NA	NA	NA	NA	NA	NA	NA	NA	NA	NA	NA	NA	NA	NA	NA	NA	NA	NA	NA	NA	NA	NA	NA	NA	NA	NA	NA	NA	NA	NA	NA	NA	NA	NA	NA	NA	NA	NA	NA	NA	NA	NA	NA	NA	NA	NA	NA	NA	NA	NA	NA	NA
8	122438241	146273484	0.898510190639647	1	-0.518416981232097	1.19066346720745	1	0	1	NA	NA	NA	NA	NA	NA	NA	NA	NA	NA	NA	NA	NA	NA	NA	NA	NA	NA	NA	NA	NA	NA	NA	NA	NA	NA	NA	NA	NA	NA	NA	NA	NA	NA	NA	NA	NA	NA	NA	NA	NA	NA	NA	NA	NA	NA	NA	NA	NA	NA	NA	NA	NA	NA	NA	NA	NA
9	203761	141069765	0.506620638912932	1	0.304517230318891	1.9631379556799	1	1	1	NA	NA	NA	NA	NA	NA	NA	NA	NA	NA	NA	NA	NA	NA	NA	NA	NA	NA	NA	NA	NA	NA	NA	NA	NA	NA	NA	NA	NA	NA	NA	NA	NA	NA	NA	NA	NA	NA	NA	NA	NA	NA	NA	NA	NA	NA	NA	NA	NA	NA	NA	NA	NA	NA	NA	NA	NA
10	202805	10730148	0.89330735306702	1	-0.519868152286177	1.1190378435386	1	0	1	NA	NA	NA	NA	NA	NA	NA	NA	NA	NA	NA	NA	NA	NA	NA	NA	NA	NA	NA	NA	NA	NA	NA	NA	NA	NA	NA	NA	NA	NA	NA	NA	NA	NA	NA	NA	NA	NA	NA	NA	NA	NA	NA	NA	NA	NA	NA	NA	NA	NA	NA	NA	NA	NA	NA	NA	NA
10	10730445	12137566	0.85770494125971	8.41781141158296e-09	-0.511581843492289	0.99485278651647	0	0	0.30081352001334	1	0	0.69918647998666	0.0396890729477564	0.0417910345032349	0.21318892912156	0.373125610487297	0	0	0.650406760006669	2	0	0.349593239993331	0.0198445364738787	0.0208955172516174	0.606594464560779	0.686562805243648	1	0	0.950094402584058	1	1	0.0499055974159424	0.00893309161037581	0.0093598925951216	0.932101928271143	0.967868148802028	1	0	0.975047201292029	1	2	0.0249527987079711	0.00446654580518796	0.0046799462975608	0.966050964135571	0.983934074401014	NA	NA	NA	NA	NA	NA	NA	NA	NA	NA	NA	NA	NA	NA	NA	NA	NA	NA	NA	NA
10	12139086	12140932	0.624136810227355	0.470692075979932	-0.504247824364339	1.00134057342825	1	1	1	NA	NA	NA	NA	NA	NA	NA	NA	NA	NA	NA	NA	NA	NA	NA	NA	NA	NA	NA	NA	NA	NA	NA	NA	NA	NA	NA	NA	NA	NA	NA	NA	NA	NA	NA	NA	NA	NA	NA	NA	NA	NA	NA	NA	NA	NA	NA	NA	NA	NA	NA	NA	NA	NA	NA	NA	NA
10	12141090	38516509	0.894025474106007	1	-0.518880103817873	1.12850559292751	1	0	1	NA	NA	NA	NA	NA	NA	NA	NA	NA	NA	NA	NA	NA	NA	NA	NA	NA	NA	NA	NA	NA	NA	NA	NA	NA	NA	NA	NA	NA	NA	NA	NA	NA	NA	NA	NA	NA	NA	NA	NA	NA	NA	NA	NA	NA	NA	NA	NA	NA	NA	NA	NA	NA	NA	NA	NA	NA
10	38532949	42403710	0.727364263262084	1.98911819403912e-08	-0.525399256586039	0.982718929719625	0	0	0.768048426114547	1	0	0.231951573885453	0.0493953380423071	0.0506274979317963	0.653733127626435	0.848677801744149	0	0	0.884024213057274	2	0	0.115975786942726	0.0246976690211536	0.0253137489658982	0.826866563813217	0.924338900872074	1	0	0.712114742116927	1	1	0.287885257883073	0.0563916837470029	0.0569632961787899	0.592521122094705	0.812604608180354	1	0	0.856057371058463	1	2	0.143942628941537	0.0281958418735014	0.028481648089395	0.796260561047353	0.906302304090177	NA	NA	NA	NA	NA	NA	NA	NA	NA	NA	NA	NA	NA	NA	NA	NA	NA	NA	NA	NA
10	42410762	48660703	0.891783409840863	1	-0.518986254356788	1.09936235485557	1	0	1	NA	NA	NA	NA	NA	NA	NA	NA	NA	NA	NA	NA	NA	NA	NA	NA	NA	NA	NA	NA	NA	NA	NA	NA	NA	NA	NA	NA	NA	NA	NA	NA	NA	NA	NA	NA	NA	NA	NA	NA	NA	NA	NA	NA	NA	NA	NA	NA	NA	NA	NA	NA	NA	NA	NA	NA	NA
10	48664519	49292498	0.548414491794756	0.432611806443114	-0.524078556357857	0.983873695189084	0	0	1	NA	NA	NA	NA	NA	NA	NA	NA	NA	NA	NA	NA	NA	NA	NA	NA	NA	NA	NA	NA	NA	NA	NA	NA	NA	NA	NA	NA	NA	NA	NA	NA	NA	NA	NA	NA	NA	NA	NA	NA	NA	NA	NA	NA	NA	NA	NA	NA	NA	NA	NA	NA	NA	NA	NA	NA	NA
10	49319300	52500129	0.891015094272669	1	-0.513837119130766	1.08965134242546	1	0	1	NA	NA	NA	NA	NA	NA	NA	NA	NA	NA	NA	NA	NA	NA	NA	NA	NA	NA	NA	NA	NA	NA	NA	NA	NA	NA	NA	NA	NA	NA	NA	NA	NA	NA	NA	NA	NA	NA	NA	NA	NA	NA	NA	NA	NA	NA	NA	NA	NA	NA	NA	NA	NA	NA	NA	NA	NA
10	52501044	52538741	0.612422494965722	0.00262532559613146	-0.500851286023444	1.00435639610735	1	0	0.418197870404412	1	1	0.581802129595588	0.102037004029493	0.100579442723304	0.207830952288066	0.601047773248475	1	0	0.709098935202206	1	2	0.290901064797794	0.0510185020147467	0.0502897213616518	0.603915476144033	0.800523886624238	0	0	0.919322476550304	1	0	0.080677523449696	0.0312446742698761	0.0319827658357952	0.84341523038696	0.968489890159497	0	0	0.959661238275152	2	0	0.040338761724848	0.0156223371349381	0.0159913829178976	0.92170761519348	0.984244945079748	NA	NA	NA	NA	NA	NA	NA	NA	NA	NA	NA	NA	NA	NA	NA	NA	NA	NA	NA	NA
10	52542404	88870820	0.897612767393268	1	-0.518825937870433	1.17778944812091	1	0	1	NA	NA	NA	NA	NA	NA	NA	NA	NA	NA	NA	NA	NA	NA	NA	NA	NA	NA	NA	NA	NA	NA	NA	NA	NA	NA	NA	NA	NA	NA	NA	NA	NA	NA	NA	NA	NA	NA	NA	NA	NA	NA	NA	NA	NA	NA	NA	NA	NA	NA	NA	NA	NA	NA	NA	NA	NA
10	88902863	89253957	0.656441924937447	1.91037311653524e-09	-0.516208911274867	0.990776546050324	0	0	0.87334833835528	1	0	0.12665166164472	0.0269449167655346	0.0280583588696892	0.806108973143768	0.921377484647274	0	0	0.93667416917764	2	0	0.0633258308223602	0.0134724583827673	0.0140291794348446	0.903054486571884	0.960688742323637	1	0	0.542920915642293	1	1	0.457079084357707	0.0602583854648237	0.0619326774604995	0.409558658021931	0.662265276516837	1	0	0.771460457821146	1	2	0.228539542178854	0.0301291927324118	0.0309663387302497	0.704779329010966	0.831132638258419	NA	NA	NA	NA	NA	NA	NA	NA	NA	NA	NA	NA	NA	NA	NA	NA	NA	NA	NA	NA
10	89255921	135216590	0.894624388919245	1	-0.518388007253131	1.13650041018804	1	0	1	NA	NA	NA	NA	NA	NA	NA	NA	NA	NA	NA	NA	NA	NA	NA	NA	NA	NA	NA	NA	NA	NA	NA	NA	NA	NA	NA	NA	NA	NA	NA	NA	NA	NA	NA	NA	NA	NA	NA	NA	NA	NA	NA	NA	NA	NA	NA	NA	NA	NA	NA	NA	NA	NA	NA	NA	NA
11	247630	22475813	0.887990118654294	1	-0.517080158807502	0.990010477317025	1	0	1	NA	NA	NA	NA	NA	NA	NA	NA	NA	NA	NA	NA	NA	NA	NA	NA	NA	NA	NA	NA	NA	NA	NA	NA	NA	NA	NA	NA	NA	NA	NA	NA	NA	NA	NA	NA	NA	NA	NA	NA	NA	NA	NA	NA	NA	NA	NA	NA	NA	NA	NA	NA	NA	NA	NA	NA	NA
11	22476023	22524983	0.716250024143989	1.03633567882957e-05	-0.530481280888604	0.978285265726816	0	0	0.788028129063236	1	0	0.211971870936764	0.0654184243793089	0.0689071123416185	0.625327212923758	0.89816958992085	0	0	0.894014064531618	2	0	0.105985935468382	0.0327092121896546	0.0344535561708093	0.812663606461878	0.949084794960425	1	0	0.68781437339177	1	1	0.31218562660823	0.0828705535450737	0.087194065963879	0.479010879740684	0.830287054703934	1	0	0.843907186695885	1	2	0.156092813304115	0.0414352767725368	0.0435970329819395	0.739505439870342	0.915143527351967	NA	NA	NA	NA	NA	NA	NA	NA	NA	NA	NA	NA	NA	NA	NA	NA	NA	NA	NA	NA
11	22525273	47993504	0.890393107127921	1	-0.5187913760964	1.08188954570691	1	0	1	NA	NA	NA	NA	NA	NA	NA	NA	NA	NA	NA	NA	NA	NA	NA	NA	NA	NA	NA	NA	NA	NA	NA	NA	NA	NA	NA	NA	NA	NA	NA	NA	NA	NA	NA	NA	NA	NA	NA	NA	NA	NA	NA	NA	NA	NA	NA	NA	NA	NA	NA	NA	NA	NA	NA	NA	NA
11	47993662	55078584	0.785229132873028	3.15262713854936e-10	-0.516473539119283	0.990543815704662	0	0	0.630617417981343	1	0	0.369382582018657	0.0489079222741534	0.0504737662046023	0.516318847523335	0.713344182260959	0	0	0.815308708990671	2	0	0.184691291009329	0.0244539611370765	0.0252368831023011	0.758159423761667	0.856672091130479	1	0	0.8275175435867	1	1	0.1724824564133	0.0298116203701	0.0301663936265321	0.766430846814254	0.884634822043456	1	0	0.91375877179335	1	2	0.0862412282066498	0.0149058101850499	0.0150831968132661	0.883215423407127	0.942317411021728	NA	NA	NA	NA	NA	NA	NA	NA	NA	NA	NA	NA	NA	NA	NA	NA	NA	NA	NA	NA
11	55083807	78019079	0.88278728051273	1	-0.518039410978257	0.989167562961268	1	0	1	NA	NA	NA	NA	NA	NA	NA	NA	NA	NA	NA	NA	NA	NA	NA	NA	NA	NA	NA	NA	NA	NA	NA	NA	NA	NA	NA	NA	NA	NA	NA	NA	NA	NA	NA	NA	NA	NA	NA	NA	NA	NA	NA	NA	NA	NA	NA	NA	NA	NA	NA	NA	NA	NA	NA	NA	NA
11	78021421	78092520	0.61801938525241	0.531373110175324	-0.507599639539795	0.998371413345382	0	0	1	NA	NA	NA	NA	NA	NA	NA	NA	NA	NA	NA	NA	NA	NA	NA	NA	NA	NA	NA	NA	NA	NA	NA	NA	NA	NA	NA	NA	NA	NA	NA	NA	NA	NA	NA	NA	NA	NA	NA	NA	NA	NA	NA	NA	NA	NA	NA	NA	NA	NA	NA	NA	NA	NA	NA	NA	NA
11	78103955	88575037	0.89449283520192	1	-0.517145691347391	1.13473654194732	1	0	1	NA	NA	NA	NA	NA	NA	NA	NA	NA	NA	NA	NA	NA	NA	NA	NA	NA	NA	NA	NA	NA	NA	NA	NA	NA	NA	NA	NA	NA	NA	NA	NA	NA	NA	NA	NA	NA	NA	NA	NA	NA	NA	NA	NA	NA	NA	NA	NA	NA	NA	NA	NA	NA	NA	NA	NA	NA
11	88575159	92568633	0.852842552010548	2.14463451120415e-23	-0.520902991150146	0.986654608167411	0	0	0.333106309507847	1	0	0.666893690492153	0.0244812848893436	0.0240995036309773	0.285695570943501	0.378378302432429	0	0	0.666553154753923	2	0	0.333446845246077	0.0122406424446718	0.0120497518154887	0.64284778547175	0.689189151216214	1	0	0.942522715006658	1	1	0.0574772849933421	0.00596623454023154	0.00588347562821985	0.930606510392703	0.953437284320727	1	0	0.971261357503329	1	2	0.0287386424966711	0.00298311727011585	0.00294173781410993	0.965303255196352	0.976718642160363	NA	NA	NA	NA	NA	NA	NA	NA	NA	NA	NA	NA	NA	NA	NA	NA	NA	NA	NA	NA
11	92568908	134946288	0.890878987829905	1	-0.519131839550071	1.08794530316961	1	0	1	NA	NA	NA	NA	NA	NA	NA	NA	NA	NA	NA	NA	NA	NA	NA	NA	NA	NA	NA	NA	NA	NA	NA	NA	NA	NA	NA	NA	NA	NA	NA	NA	NA	NA	NA	NA	NA	NA	NA	NA	NA	NA	NA	NA	NA	NA	NA	NA	NA	NA	NA	NA	NA	NA	NA	NA	NA
12	188285	133820866	0.501317468283715	1	0.348671606390316	2.03279372450748	1	1	1	NA	NA	NA	NA	NA	NA	NA	NA	NA	NA	NA	NA	NA	NA	NA	NA	NA	NA	NA	NA	NA	NA	NA	NA	NA	NA	NA	NA	NA	NA	NA	NA	NA	NA	NA	NA	NA	NA	NA	NA	NA	NA	NA	NA	NA	NA	NA	NA	NA	NA	NA	NA	NA	NA	NA	NA	NA
13	19589846	114999838	0.501408158462207	1	0.349229932010226	2.03368823178778	1	1	1	NA	NA	NA	NA	NA	NA	NA	NA	NA	NA	NA	NA	NA	NA	NA	NA	NA	NA	NA	NA	NA	NA	NA	NA	NA	NA	NA	NA	NA	NA	NA	NA	NA	NA	NA	NA	NA	NA	NA	NA	NA	NA	NA	NA	NA	NA	NA	NA	NA	NA	NA	NA	NA	NA	NA	NA	NA
14	20428592	22917633	0.533864880646477	1.33892722959207e-196	0.242154450391794	1.86831942164026	1	0	0.144510009278091	1	1	0.855489990721909	0.00411021231314314	0.00403484954220264	0.136400077820895	0.152118622092067	1	0	0.572255004639045	1	2	0.427744995360955	0.00205510615657162	0.00201742477110132	0.568200038910448	0.576059311046034	1	1	0.834492584548304	2	1	0.165507415451696	0.00539142805419585	0.00528995599424407	0.824347212983186	0.845029792312412	0	1	0.417246292274152	2	1	0.582753707725848	0.00269571402709801	0.00264497799712204	0.412173606491593	0.422514896156206	1	1	0.917246292274152	3	1	0.0827537077258476	0.00269571402709773	0.00264497799712204	0.912173606491594	0.922514896156206	NA	NA	NA	NA	NA	NA	NA	NA	NA	NA
14	22920326	22980408	0.899290670327336	1	0.255901326555449	1.88886991247333	1	0	1	NA	NA	NA	NA	NA	NA	NA	NA	NA	NA	NA	NA	NA	NA	NA	NA	NA	NA	NA	NA	NA	NA	NA	NA	NA	NA	NA	NA	NA	NA	NA	NA	NA	NA	NA	NA	NA	NA	NA	NA	NA	NA	NA	NA	NA	NA	NA	NA	NA	NA	NA	NA	NA	NA	NA	NA	NA
14	22983567	107239333	0.531923659351338	0	0.243198589625248	1.86987346455434	1	0	0.136723476374547	1	1	0.863276523625453	0.000950570386443653	0.000971494852846714	0.134749383354936	0.138589255390163	1	0	0.568361738187274	1	2	0.431638261812726	0.000475285193221819	0.000484316809513124	0.567404853071464	0.56932757170244	1	1	0.84462694317854	2	1	0.15537305682146	0.00122757925586353	0.0012599412897426	0.842130338258724	0.847120528651559	0	1	0.42231347158927	2	1	0.57768652841073	0.000613789627931766	0.00063309453759682	0.421089620314945	0.42359191501542	1	1	0.92231347158927	3	1	0.07768652841073	0.000613789627931516	0.00059488696680623	0.921217231684234	0.923473391147219	NA	NA	NA	NA	NA	NA	NA	NA	NA	NA
15	20001774	58756031	0.894395424884747	1	-0.518414873360034	1.13343329911173	1	0	1	NA	NA	NA	NA	NA	NA	NA	NA	NA	NA	NA	NA	NA	NA	NA	NA	NA	NA	NA	NA	NA	NA	NA	NA	NA	NA	NA	NA	NA	NA	NA	NA	NA	NA	NA	NA	NA	NA	NA	NA	NA	NA	NA	NA	NA	NA	NA	NA	NA	NA	NA	NA	NA	NA	NA	NA	NA
15	58757369	58769461	0.50926727699031	1	-0.550196828387587	0.961232075775654	0	0	1	NA	NA	NA	NA	NA	NA	NA	NA	NA	NA	NA	NA	NA	NA	NA	NA	NA	NA	NA	NA	NA	NA	NA	NA	NA	NA	NA	NA	NA	NA	NA	NA	NA	NA	NA	NA	NA	NA	NA	NA	NA	NA	NA	NA	NA	NA	NA	NA	NA	NA	NA	NA	NA	NA	NA	NA	NA
15	58770542	60164489	0.862085071842032	2.98553202262002e-09	-0.517142299790401	0.989955855794847	0	0	0.269774080729486	1	0	0.730225919270514	0.0356822288160914	0.0355448233167735	0.195988141634658	0.334796850402998	0	0	0.634887040364742	2	0	0.365112959635258	0.0178411144080462	0.0177724116583868	0.597994070817328	0.667398425201499	1	0	0.956841993698846	1	1	0.0431580063011539	0.00747080141074058	0.00743913548698162	0.942015364234781	0.971061392310027	1	0	0.978420996849423	1	2	0.0215790031505769	0.00373540070537026	0.00371956774349081	0.971007682117391	0.985530696155014	NA	NA	NA	NA	NA	NA	NA	NA	NA	NA	NA	NA	NA	NA	NA	NA	NA	NA	NA	NA
15	60165427	100299673	0.893476850597523	1	-0.519378195330956	1.1212609996616	1	0	1	NA	NA	NA	NA	NA	NA	NA	NA	NA	NA	NA	NA	NA	NA	NA	NA	NA	NA	NA	NA	NA	NA	NA	NA	NA	NA	NA	NA	NA	NA	NA	NA	NA	NA	NA	NA	NA	NA	NA	NA	NA	NA	NA	NA	NA	NA	NA	NA	NA	NA	NA	NA	NA	NA	NA	NA	NA
15	100300060	100372226	0.725557847754399	8.89222927904239e-07	-0.530235977122671	0.978498915301148	0	0	0.771405894720159	1	0	0.228594105279841	0.0585372586802705	0.0587865490612578	0.64342610204119	0.859124124817899	0	0	0.885702947360079	2	0	0.114297052639921	0.0292686293401352	0.0293932745306289	0.821713051020595	0.929562062408949	1	0	0.708215830540357	1	1	0.291784169459643	0.0678324353147324	0.0664510937415267	0.572909776702668	0.81805393202277	1	0	0.854107915270178	1	2	0.145892084729822	0.0339162176573663	0.0332255468707634	0.786454888351334	0.909026966011385	NA	NA	NA	NA	NA	NA	NA	NA	NA	NA	NA	NA	NA	NA	NA	NA	NA	NA	NA	NA
15	100372603	102431166	0.884540466253192	1	-0.517812396078432	0.989366994941701	1	0	1	NA	NA	NA	NA	NA	NA	NA	NA	NA	NA	NA	NA	NA	NA	NA	NA	NA	NA	NA	NA	NA	NA	NA	NA	NA	NA	NA	NA	NA	NA	NA	NA	NA	NA	NA	NA	NA	NA	NA	NA	NA	NA	NA	NA	NA	NA	NA	NA	NA	NA	NA	NA	NA	NA	NA	NA	NA
16	83807	89996871	0.894349805301346	1	-0.519059141041877	1.13282378557587	1	0	1	NA	NA	NA	NA	NA	NA	NA	NA	NA	NA	NA	NA	NA	NA	NA	NA	NA	NA	NA	NA	NA	NA	NA	NA	NA	NA	NA	NA	NA	NA	NA	NA	NA	NA	NA	NA	NA	NA	NA	NA	NA	NA	NA	NA	NA	NA	NA	NA	NA	NA	NA	NA	NA	NA	NA	NA	NA
17	41362	79998834	0.50143378582125	1	0.349238199440176	2.03370147984285	1	1	1	NA	NA	NA	NA	NA	NA	NA	NA	NA	NA	NA	NA	NA	NA	NA	NA	NA	NA	NA	NA	NA	NA	NA	NA	NA	NA	NA	NA	NA	NA	NA	NA	NA	NA	NA	NA	NA	NA	NA	NA	NA	NA	NA	NA	NA	NA	NA	NA	NA	NA	NA	NA	NA	NA	NA	NA	NA
18	125371	77999957	0.500961617670778	1	0.34836608506695	2.03230438776619	1	1	1	NA	NA	NA	NA	NA	NA	NA	NA	NA	NA	NA	NA	NA	NA	NA	NA	NA	NA	NA	NA	NA	NA	NA	NA	NA	NA	NA	NA	NA	NA	NA	NA	NA	NA	NA	NA	NA	NA	NA	NA	NA	NA	NA	NA	NA	NA	NA	NA	NA	NA	NA	NA	NA	NA	NA	NA	NA
19	226776	59097308	0.525178670359164	0	0.44747923773557	2.19661099258234	1	1	0.879195724712307	2	1	0.120804275287693	0.00145984426638179	0.00143499498790465	0.876348630729347	0.881858584727285	0	1	0.439597862356154	2	1	0.560402137643846	0.000729922133190897	0.000689963275449661	0.438235843908176	0.441015486056523	1	1	0.939597862356154	3	1	0.0604021376438463	0.000729922133191174	0.000689963275449666	0.938235843908176	0.941015486056523	2	1	0.20510693487049	2	2	0.79489306512951	0.00224092684827536	0.00219308272902704	0.200984465268509	0.209613301011161	2	0	0.102553467435245	2	2	0.897446532564755	0.00112046342413769	0.00111847212475744	0.100338998163795	0.104785402527402	2	1	0.602553467435245	2	3	0.397446532564755	0.00112046342413769	0.00112469364829285	0.600333224873831	0.604799109953412
20	20000786	62884632	0.501906472623225	1	0.348780918463877	2.03296882883104	1	1	1	NA	NA	NA	NA	NA	NA	NA	NA	NA	NA	NA	NA	NA	NA	NA	NA	NA	NA	NA	NA	NA	NA	NA	NA	NA	NA	NA	NA	NA	NA	NA	NA	NA	NA	NA	NA	NA	NA	NA	NA	NA	NA	NA	NA	NA	NA	NA	NA	NA	NA	NA	NA	NA	NA	NA	NA	NA
21	15273817	48097610	0.754905251438298	0	-0.26342720895989	1.23377626687581	1	0	0.769247455342327	1	1	0.230752544657673	0.00106035088923506	0.00106195811926201	0.767182454321216	0.771248919217219	1	0	0.884623727671164	1	2	0.115376272328836	0.000530175444617476	0.000537203544052597	0.88349982148211	0.885612485659239	2	0	0.444577904965336	2	1	0.555422095034664	0.00199124411197113	0.00201764039599483	0.44035671440647	0.448291503061794	2	0	0.722288952482668	2	2	0.277711047517332	0.000995622055985579	0.000962072720051944	0.72038344866104	0.724188410676188	NA	NA	NA	NA	NA	NA	NA	NA	NA	NA	NA	NA	NA	NA	NA	NA	NA	NA	NA	NA
22	16600330	23055852	0.501177442534345	1	0.349255527930283	2.03372924794359	1	1	1	NA	NA	NA	NA	NA	NA	NA	NA	NA	NA	NA	NA	NA	NA	NA	NA	NA	NA	NA	NA	NA	NA	NA	NA	NA	NA	NA	NA	NA	NA	NA	NA	NA	NA	NA	NA	NA	NA	NA	NA	NA	NA	NA	NA	NA	NA	NA	NA	NA	NA	NA	NA	NA	NA	NA	NA	NA
22	23102474	23227573	0.895523685444023	1.22107764368009e-08	0.372153003486481	2.07071433432876	2	0	0.889513724356611	2	1	0.110486275643389	0.0168262769592848	0.0172606868653977	0.852559985359664	0.922113369064056	2	0	0.944756862178306	2	2	0.0552431378216943	0.00841313847964237	0.00863034343269888	0.926279992679832	0.961056684532028	1	0	0.947038351952389	2	0	0.0529616480476109	0.0806629924194237	0.0833574053112867	0.764157443690796	1.09879900806237	0	0	0.473519175976195	2	0	0.526480824023805	0.0403314962097115	0.0416787026556433	0.382078721845398	0.549399504031187	1	0	0.973519175976196	3	0	0.0264808240238043	0.0403314962097112	0.0416787026556432	0.8820787218454	1.04939950403119	NA	NA	NA	NA	NA	NA	NA	NA	NA	NA
22	23254219	49999704	0.501976821165313	1	0.348250780517537	2.03211973772848	1	1	1	NA	NA	NA	NA	NA	NA	NA	NA	NA	NA	NA	NA	NA	NA	NA	NA	NA	NA	NA	NA	NA	NA	NA	NA	NA	NA	NA	NA	NA	NA	NA	NA	NA	NA	NA	NA	NA	NA	NA	NA	NA	NA	NA	NA	NA	NA	NA	NA	NA	NA	NA	NA	NA	NA	NA	NA	NA
